1 65 59 
1 68 59 
3 96 55 
4 3 54 
5 42 52 
5 72 52 
5 85 52 
5 89 52 
5 38 52 
10 83 51 
10 73 51 
12 27 49 
12 61 49 
14 16 48 
14 97 48 
16 44 47 
16 22 47 
16 95 47 
16 62 47 
16 8 47 
21 91 46 
21 59 46 
21 35 46 
21 90 46 
25 40 45 
25 10 45 
25 9 45 
28 13 44 
28 31 44 
28 45 44 
28 50 44 
28 57 44 
28 32 44 
28 7 44 
28 18 44 
28 63 44 
28 64 44 
28 5 44 
39 20 43 
39 60 43 
39 36 43 
39 15 43 
39 24 43 
39 41 43 
39 100 43 
46 29 42 
46 88 42 
46 2 42 
46 23 42 
46 70 42 
46 28 42 
46 52 42 
46 79 42 
46 98 42 
46 55 42 
56 94 41 
56 86 41 
56 25 41 
56 4 41 
56 84 41 
56 49 41 
62 58 40 
62 6 40 
62 56 40 
62 53 40 
62 74 40 
67 17 39 
67 26 39 
67 87 39 
67 93 39 
67 71 39 
72 43 38 
72 69 38 
72 1 38 
75 66 37 
76 30 36 
76 48 36 
76 67 36 
79 33 35 
79 99 35 
79 80 35 
82 82 34 
82 14 34 
84 51 33 
84 54 33 
84 37 33 
87 92 32 
88 81 31 
89 19 30 
89 11 30 
89 21 30 
89 34 30 
89 39 30 
94 12 29 
94 77 29 
96 75 28 
96 47 28 
98 76 26 
98 78 26 
100 46 24 
