-- (F) B+ fa építés 39, 15, 50, 70, 79, 83, 72, 43, 75, 45
|39| | |

|15|39| |

||15|39|50||

	   ||50| | ||
||15|39| || ||50|70| ||		<--70

	   ||50| | ||
||15|39| || ||50|70|79||

			||50|79| ||
||15|39| || ||50|70| || ||79|83| ||		<--83

			||50|79| ||
||15|39| || ||50|70|72|| ||79|83| ||

			 ||50|79| ||
||15|39|43|| ||50|70|72|| ||79|83| ||

				 ||50|72|79||
||15|39|43|| ||50|70| || ||72|75| || ||79|83| ||	<--75

							||72| | ||
					 ||43|50| || 	||79| | ||
||15|39| || ||43|45| || ||50|70| || ||72|75| || ||79|83| ||		<--45

