8500 1000 10
1000 1 84
1000 2 80
1000 3 77
1000 4 4
1000 5 15
1000 6 41
1000 7 70
1000 8 85
1000 10 72
999 1 14
999 2 100
999 3 21
999 4 67
999 5 6
999 6 44
999 7 74
999 8 10
999 10 94
998 1 31
998 2 22
998 3 10
998 5 24
998 6 22
998 7 1
998 8 6
998 10 63
997 2 93
997 3 100
997 4 12
997 5 22
997 6 50
997 7 58
997 8 19
997 10 96
996 1 98
996 2 20
996 3 49
996 4 28
996 5 53
996 7 95
996 8 61
996 10 37
995 2 8
995 3 3
995 5 53
995 6 69
995 7 86
995 8 70
995 10 26
994 1 91
994 2 63
994 3 74
994 4 65
994 5 92
994 6 73
994 7 85
994 8 53
994 10 11
993 1 15
993 2 17
993 3 52
993 4 77
993 5 49
993 6 74
993 7 93
993 8 79
992 1 30
992 2 93
992 3 49
992 4 12
992 5 50
992 6 32
992 8 8
992 10 80
991 1 38
991 2 100
991 3 100
991 4 71
991 5 7
991 6 18
991 7 80
991 8 66
991 10 27
990 1 20
990 2 22
990 3 26
990 4 23
990 5 43
990 6 7
990 7 31
990 8 13
990 10 11
989 1 98
989 2 81
989 3 82
989 5 43
989 6 27
989 7 63
989 8 54
989 10 46
988 1 7
988 2 40
988 3 58
988 4 21
988 5 68
988 6 50
988 7 31
988 8 98
988 10 43
987 1 60
987 2 89
987 3 61
987 4 64
987 5 45
987 6 8
987 7 30
987 8 48
987 10 44
986 1 74
986 2 38
986 3 84
986 4 34
986 5 84
986 6 60
986 7 85
986 8 91
986 10 96
985 1 79
985 2 78
985 3 11
985 4 72
985 5 63
985 6 46
985 7 56
985 8 77
985 10 37
984 1 78
984 2 13
984 3 90
984 4 25
984 5 54
984 6 42
984 7 8
984 8 83
984 10 13
983 1 52
983 2 19
983 3 97
983 4 65
983 5 26
983 6 82
983 7 4
983 10 50
982 1 64
982 2 24
982 3 73
982 4 30
982 5 36
982 6 11
982 7 14
982 8 28
982 10 17
981 1 59
981 2 86
981 3 33
981 4 34
981 5 21
981 7 43
981 8 81
981 10 58
980 1 62
980 2 61
980 3 67
980 4 4
980 5 53
980 6 88
980 7 20
980 8 9
979 1 80
979 2 43
979 3 13
979 4 60
979 5 54
979 6 20
979 7 76
979 8 10
979 10 19
978 1 81
978 2 89
978 3 30
978 4 43
978 5 17
978 6 5
978 7 13
978 8 28
978 10 50
977 1 75
977 2 4
977 3 47
977 4 69
977 5 44
977 6 50
977 7 97
977 8 28
977 10 4
976 1 93
976 2 17
976 3 32
976 4 59
976 6 10
976 7 90
976 8 34
976 10 11
975 1 97
975 2 28
975 3 95
975 4 81
975 5 61
975 6 59
975 7 22
975 10 2
974 1 88
974 2 59
974 3 10
974 4 34
974 5 21
974 6 13
974 7 82
974 8 31
974 10 6
973 2 38
973 3 57
973 5 23
973 6 45
973 7 54
973 8 100
973 10 88
972 1 76
972 2 19
972 3 41
972 4 75
972 5 99
972 6 90
972 7 96
972 8 4
972 10 43
971 1 64
971 2 29
971 4 16
971 6 1
971 7 2
971 8 3
971 10 60
970 1 36
970 2 95
970 3 37
970 4 84
970 5 37
970 6 64
970 7 98
970 8 97
970 10 38
969 1 36
969 2 65
969 3 9
969 4 43
969 5 19
969 6 2
969 7 79
969 10 90
968 1 58
968 2 50
968 4 81
968 5 76
968 6 1
968 7 64
968 8 38
968 10 38
967 1 9
967 2 55
967 3 5
967 5 68
967 6 86
967 7 85
967 8 28
967 10 96
966 2 66
966 3 11
966 4 41
966 6 40
966 7 53
966 8 53
966 10 23
965 1 63
965 2 45
965 3 46
965 4 95
965 5 85
965 6 89
965 7 85
965 8 51
965 10 63
964 1 3
964 2 12
964 3 83
964 4 1
964 5 7
964 7 4
964 8 59
964 10 43
963 1 11
963 2 53
963 3 6
963 5 14
963 6 3
963 7 86
963 8 42
963 10 4
962 1 68
962 2 65
962 3 66
962 4 68
962 5 13
962 6 65
962 7 45
962 10 1
961 1 96
961 2 53
961 3 55
961 4 71
961 5 77
961 6 75
961 7 53
961 8 64
961 10 27
960 1 65
960 2 7
960 3 28
960 4 3
960 5 29
960 6 11
960 7 6
960 8 69
960 10 84
959 1 47
959 2 52
959 3 40
959 4 8
959 5 39
959 6 93
959 7 13
959 8 71
959 10 29
958 1 29
958 2 65
958 3 19
958 4 78
958 5 77
958 6 60
958 7 26
958 8 98
958 10 13
957 1 74
957 2 49
957 3 18
957 4 39
957 5 6
957 6 39
957 7 20
957 10 60
956 1 59
956 2 80
956 3 40
956 4 41
956 5 3
956 6 100
956 7 38
956 8 84
955 1 50
955 3 55
955 4 58
955 5 24
955 6 34
955 7 2
955 8 11
955 10 1
954 1 13
954 2 98
954 3 64
954 4 86
954 5 3
954 6 17
954 7 38
954 8 2
954 10 58
953 1 10
953 2 74
953 3 50
953 4 57
953 5 80
953 6 48
953 7 76
953 8 5
953 10 75
952 1 1
952 2 53
952 3 52
952 4 3
952 5 17
952 6 57
952 7 60
952 8 32
952 10 47
951 2 42
951 3 40
951 4 26
951 5 79
951 6 79
951 7 27
951 8 58
951 10 95
950 1 24
950 2 10
950 3 37
950 4 2
950 5 27
950 6 50
950 7 15
950 8 86
950 10 88
949 1 87
949 2 77
949 3 26
949 4 70
949 5 9
949 6 65
949 7 38
949 8 69
949 10 15
948 1 89
948 2 73
948 3 94
948 4 80
948 6 82
948 7 11
948 8 42
947 1 30
947 2 85
947 3 76
947 4 9
947 5 92
947 6 50
947 7 66
947 8 2
947 10 55
946 1 12
946 2 100
946 3 42
946 4 54
946 5 63
946 6 69
946 7 44
946 10 10
945 1 79
945 2 59
945 3 5
945 4 23
945 6 29
945 7 46
945 8 19
945 10 47
944 1 82
944 2 72
944 3 46
944 4 10
944 5 4
944 6 28
944 7 73
944 8 50
944 10 34
943 1 67
943 2 10
943 3 24
943 4 40
943 5 23
943 6 86
943 7 37
943 8 12
943 10 53
942 1 74
942 2 68
942 3 7
942 4 47
942 5 98
942 7 28
942 8 28
942 10 75
941 1 57
941 2 57
941 3 6
941 4 65
941 5 28
941 6 60
941 7 12
941 8 11
941 10 57
940 1 33
940 2 59
940 3 31
940 4 70
940 5 55
940 6 60
940 7 25
940 8 77
940 10 18
939 1 79
939 2 73
939 3 6
939 4 84
939 5 23
939 6 69
939 8 51
939 10 92
938 1 81
938 2 56
938 4 87
938 5 74
938 6 80
938 7 74
938 8 7
938 10 69
937 1 81
937 2 48
937 3 84
937 4 65
937 5 75
937 6 53
937 8 39
937 10 26
936 1 60
936 2 70
936 3 76
936 4 15
936 5 52
936 6 86
936 7 88
936 8 46
936 10 74
935 1 97
935 2 33
935 3 25
935 4 8
935 5 98
935 6 9
935 7 93
935 8 1
935 10 53
934 1 81
934 2 57
934 3 68
934 4 63
934 5 32
934 6 62
934 7 36
934 10 97
933 1 16
933 2 75
933 3 90
933 4 94
933 7 78
933 8 44
933 10 70
932 1 73
932 2 36
932 3 66
932 4 72
932 5 21
932 6 55
932 7 85
932 8 67
932 10 78
931 2 37
931 3 74
931 4 70
931 5 67
931 6 75
931 7 4
931 8 19
931 10 29
930 1 61
930 2 83
930 3 90
930 4 100
930 5 61
930 6 51
930 8 31
930 10 79
929 1 27
929 2 79
929 3 63
929 4 26
929 5 89
929 6 58
929 7 71
929 8 46
929 10 100
928 1 70
928 2 31
928 3 18
928 4 2
928 5 9
928 6 9
928 7 22
928 8 89
928 10 61
927 2 12
927 3 52
927 4 84
927 5 16
927 6 75
927 8 51
927 10 30
926 1 74
926 2 12
926 3 81
926 4 25
926 5 15
926 6 19
926 7 59
926 8 88
926 10 46
925 1 48
925 3 14
925 4 87
925 6 28
925 7 94
925 8 33
925 10 73
924 1 26
924 2 28
924 3 93
924 4 80
924 5 88
924 6 63
924 7 42
924 8 84
924 10 7
923 1 4
923 2 70
923 3 10
923 4 4
923 5 84
923 6 26
923 7 62
923 8 100
923 10 27
922 1 90
922 2 42
922 3 77
922 4 91
922 5 15
922 6 91
922 7 42
922 8 85
922 10 36
921 2 58
921 3 94
921 4 17
921 5 34
921 7 22
921 8 23
921 10 23
920 1 46
920 2 90
920 3 35
920 4 18
920 5 5
920 6 89
920 7 84
920 8 18
920 10 70
919 1 19
919 2 14
919 3 89
919 4 66
919 5 95
919 6 14
919 8 20
919 10 45
918 1 94
918 2 25
918 3 3
918 4 60
918 6 36
918 7 81
918 8 59
918 10 85
917 1 47
917 3 7
917 5 17
917 6 4
917 7 89
917 8 11
917 10 78
916 1 19
916 2 54
916 3 35
916 4 10
916 6 4
916 7 35
916 8 100
916 10 59
915 1 46
915 2 9
915 3 34
915 4 75
915 5 72
915 6 6
915 7 64
915 8 5
915 10 38
914 1 71
914 2 75
914 4 51
914 5 79
914 6 90
914 7 2
914 8 21
914 10 72
913 1 90
913 2 5
913 3 27
913 4 76
913 5 46
913 6 9
913 7 40
913 8 54
913 10 56
912 1 38
912 2 41
912 3 76
912 4 9
912 5 96
912 6 95
912 7 18
912 8 56
912 10 51
911 1 17
911 2 25
911 3 42
911 4 58
911 5 68
911 6 71
911 7 6
911 8 26
911 10 31
910 1 61
910 2 26
910 3 5
910 4 82
910 5 86
910 6 17
910 7 20
910 8 5
910 10 76
909 2 39
909 3 92
909 4 24
909 5 72
909 6 25
909 7 65
909 8 71
909 10 37
908 1 97
908 2 49
908 3 96
908 5 9
908 6 37
908 7 71
908 8 27
908 10 92
907 1 29
907 2 25
907 3 94
907 5 80
907 6 67
907 7 42
907 10 14
906 1 49
906 2 32
906 3 14
906 4 41
906 5 65
906 6 47
906 7 31
906 8 89
906 10 31
905 1 2
905 2 57
905 3 10
905 4 82
905 5 46
905 6 8
905 7 48
905 8 44
904 1 39
904 2 10
904 3 74
904 4 95
904 5 66
904 6 47
904 7 55
904 8 33
904 10 26
903 1 21
903 2 41
903 3 66
903 4 95
903 5 90
903 7 17
903 8 45
903 10 2
902 1 18
902 2 97
902 3 99
902 4 2
902 5 81
902 6 44
902 7 81
902 8 49
902 10 93
901 1 17
901 2 25
901 3 28
901 4 92
901 5 33
901 6 96
901 7 64
901 8 87
901 10 85
900 1 15
900 3 36
900 5 12
900 6 74
900 7 90
900 8 53
900 10 37
899 2 65
899 3 31
899 5 44
899 6 4
899 7 14
899 8 14
899 10 24
898 1 18
898 2 38
898 3 25
898 4 77
898 5 90
898 6 21
898 7 66
898 8 59
898 10 62
897 1 4
897 2 22
897 3 30
897 4 9
897 5 96
897 6 76
897 7 16
897 8 12
897 10 81
896 1 53
896 2 9
896 3 28
896 4 13
896 5 53
896 6 53
896 7 100
896 8 8
896 10 96
895 1 60
895 2 15
895 3 49
895 4 14
895 5 86
895 6 70
895 7 92
895 8 95
895 10 14
894 1 77
894 2 28
894 3 99
894 4 22
894 5 37
894 7 49
894 8 35
894 10 88
893 1 63
893 2 24
893 3 74
893 5 91
893 6 68
893 7 88
893 8 99
893 10 37
892 1 78
892 2 60
892 3 12
892 4 32
892 5 3
892 6 97
892 7 37
892 8 69
892 10 97
891 1 99
891 2 46
891 3 5
891 6 5
891 7 79
891 8 2
891 10 81
890 1 34
890 2 51
890 3 4
890 4 8
890 5 25
890 6 52
890 8 34
890 10 71
889 1 10
889 2 8
889 3 76
889 4 64
889 5 30
889 6 81
889 7 24
889 8 49
889 10 3
888 1 67
888 2 30
888 3 3
888 4 18
888 5 86
888 6 14
888 7 99
888 8 38
888 10 70
887 1 85
887 2 99
887 3 25
887 4 51
887 5 48
887 6 85
887 7 92
887 8 54
887 10 75
886 1 8
886 2 42
886 3 8
886 4 12
886 5 93
886 6 37
886 8 100
886 10 14
885 1 5
885 2 48
885 3 38
885 4 59
885 5 100
885 6 18
885 7 17
885 8 60
885 10 67
884 1 36
884 2 63
884 3 87
884 4 71
884 5 2
884 7 5
884 8 22
884 10 9
883 1 43
883 2 65
883 3 16
883 4 63
883 5 69
883 6 29
883 7 53
883 8 91
883 10 27
882 1 79
882 2 99
882 4 50
882 5 31
882 6 32
882 7 79
882 8 1
881 1 41
881 2 93
881 3 9
881 4 8
881 5 82
881 6 67
881 7 96
881 8 21
880 1 73
880 2 7
880 3 37
880 4 82
880 5 44
880 6 99
880 7 24
880 8 96
880 10 65
879 1 91
879 2 25
879 3 71
879 4 65
879 5 37
879 6 35
879 7 5
879 8 22
879 10 91
878 1 36
878 2 64
878 3 41
878 4 62
878 5 92
878 6 61
878 7 80
878 8 6
878 10 31
877 1 99
877 2 61
877 3 30
877 4 78
877 5 73
877 6 95
877 7 96
877 8 76
877 10 4
876 2 1
876 3 66
876 4 49
876 6 55
876 7 13
876 8 5
876 10 55
875 1 10
875 2 93
875 3 20
875 4 74
875 5 75
875 6 18
875 7 68
875 8 24
875 10 44
874 1 65
874 2 86
874 3 7
874 4 2
874 5 35
874 6 73
874 7 24
874 8 50
874 10 7
873 1 80
873 2 67
873 3 90
873 4 91
873 5 74
873 6 51
873 7 100
873 8 96
872 1 18
872 2 89
872 3 3
872 4 21
872 6 81
872 8 43
872 10 33
871 1 12
871 2 29
871 3 65
871 4 7
871 5 16
871 6 16
871 7 47
871 8 56
871 10 93
870 1 57
870 2 13
870 3 39
870 4 49
870 5 28
870 6 19
870 7 9
870 8 28
870 10 38
869 1 39
869 2 95
869 3 36
869 4 82
869 5 65
869 6 99
869 7 71
869 8 44
869 10 23
868 1 61
868 2 62
868 3 48
868 4 46
868 5 18
868 6 28
868 7 17
868 8 97
868 10 24
867 1 12
867 2 94
867 3 26
867 4 84
867 5 4
867 6 62
867 7 23
867 8 95
867 10 32
866 1 74
866 2 14
866 3 46
866 5 34
866 7 48
866 8 4
866 10 53
865 1 5
865 2 11
865 3 28
865 4 98
865 5 83
865 6 29
865 7 81
865 8 45
865 10 57
864 1 44
864 2 5
864 3 68
864 4 13
864 5 5
864 6 38
864 7 37
864 8 56
864 10 25
863 1 5
863 2 19
863 3 78
863 4 4
863 5 49
863 6 88
863 7 85
863 8 57
862 1 14
862 2 65
862 3 2
862 4 92
862 5 24
862 6 83
862 7 81
862 8 40
862 10 59
861 1 36
861 3 27
861 4 85
861 5 82
861 6 74
861 7 91
861 8 77
861 10 11
860 1 65
860 2 29
860 3 16
860 4 68
860 5 37
860 6 68
860 7 72
860 8 95
860 10 21
859 1 41
859 2 20
859 3 79
859 4 44
859 5 44
859 6 5
859 7 18
859 8 61
859 10 90
858 1 49
858 2 4
858 3 39
858 4 59
858 5 89
858 6 50
858 7 91
858 8 58
858 10 65
857 1 83
857 2 48
857 3 22
857 4 26
857 5 21
857 6 48
857 7 97
857 10 67
856 1 39
856 2 71
856 3 59
856 4 92
856 5 86
856 6 21
856 7 47
856 8 41
856 10 47
855 1 5
855 2 42
855 3 10
855 4 79
855 5 93
855 6 73
855 7 66
855 8 81
854 1 58
854 2 33
854 3 11
854 4 15
854 5 54
854 6 19
854 7 84
854 8 74
854 10 75
853 1 13
853 3 12
853 4 88
853 5 1
853 6 74
853 7 43
853 8 19
853 10 21
852 2 2
852 3 48
852 4 20
852 5 28
852 6 91
852 7 64
852 10 7
851 1 52
851 2 89
851 3 65
851 4 28
851 5 26
851 6 30
851 7 5
851 8 9
851 10 96
850 1 53
850 2 9
850 3 54
850 4 31
850 5 80
850 6 2
850 7 39
850 10 37
849 1 25
849 2 94
849 3 97
849 4 54
849 5 47
849 6 73
849 7 72
849 8 70
849 10 10
848 1 90
848 2 40
848 3 60
848 4 45
848 5 91
848 6 53
848 7 59
848 8 93
848 10 5
847 1 39
847 2 94
847 3 40
847 4 29
847 5 22
847 6 52
847 7 37
847 8 30
847 10 33
846 1 45
846 2 45
846 3 28
846 4 32
846 5 15
846 6 1
846 8 34
846 10 3
845 1 79
845 2 46
845 3 75
845 4 22
845 5 34
845 6 12
845 7 46
845 10 7
844 1 8
844 2 5
844 3 73
844 4 49
844 5 48
844 6 37
844 7 24
844 8 38
844 10 52
843 1 19
843 2 73
843 4 88
843 5 21
843 6 94
843 7 68
843 8 60
843 10 73
842 1 2
842 2 70
842 4 55
842 5 29
842 6 67
842 7 17
842 8 78
842 10 31
841 1 6
841 2 16
841 3 66
841 4 92
841 5 66
841 6 51
841 7 81
841 8 4
841 10 23
840 1 80
840 2 88
840 3 93
840 4 84
840 5 55
840 6 49
840 7 12
840 8 95
840 10 53
839 1 62
839 3 50
839 4 2
839 5 2
839 6 46
839 7 85
839 8 10
838 1 66
838 2 54
838 3 16
838 4 7
838 5 18
838 6 13
838 7 41
838 8 41
838 10 89
837 1 72
837 2 8
837 3 77
837 4 49
837 5 1
837 6 36
837 8 36
837 10 7
836 1 17
836 2 26
836 3 36
836 4 71
836 5 78
836 6 100
836 7 18
836 8 29
836 10 89
835 1 78
835 2 93
835 3 88
835 4 39
835 5 96
835 6 83
835 7 91
835 8 57
835 10 72
834 1 90
834 2 55
834 3 14
834 4 79
834 5 53
834 6 2
834 7 98
834 8 13
834 10 96
833 1 90
833 2 53
833 3 2
833 4 10
833 5 33
833 6 48
833 7 90
833 8 39
833 10 80
832 1 3
832 2 52
832 3 11
832 4 91
832 5 58
832 6 22
832 7 55
832 8 68
832 10 29
831 1 44
831 2 7
831 4 51
831 5 19
831 7 93
831 8 70
831 10 67
830 1 47
830 3 99
830 4 92
830 5 6
830 6 65
830 7 10
830 8 40
830 10 28
829 1 84
829 2 39
829 4 14
829 5 29
829 6 69
829 7 71
829 8 48
829 10 35
828 1 75
828 2 47
828 3 63
828 4 67
828 5 56
828 6 40
828 7 49
828 8 32
828 10 59
827 1 22
827 4 39
827 5 11
827 6 71
827 7 3
827 8 9
827 10 51
826 1 51
826 2 28
826 5 10
826 6 66
826 7 62
826 8 97
826 10 72
825 1 33
825 2 1
825 3 39
825 4 94
825 5 67
825 6 31
825 7 3
825 8 2
825 10 77
824 2 53
824 3 40
824 4 6
824 5 18
824 6 36
824 7 85
824 8 89
824 10 63
823 2 66
823 3 57
823 4 54
823 5 17
823 6 94
823 8 80
823 10 99
822 1 5
822 2 29
822 3 100
822 4 93
822 5 38
822 6 22
822 7 71
822 8 27
822 10 90
821 1 29
821 2 71
821 3 72
821 4 37
821 5 31
821 7 67
821 8 1
821 10 88
820 1 4
820 2 80
820 3 63
820 4 35
820 5 17
820 6 7
820 7 60
820 8 5
820 10 95
819 1 30
819 2 78
819 4 19
819 5 99
819 6 55
819 7 56
819 8 37
819 10 30
818 1 72
818 2 35
818 3 71
818 4 52
818 5 28
818 6 89
818 7 92
818 8 97
818 10 73
817 1 66
817 2 46
817 3 59
817 4 6
817 6 45
817 7 47
817 8 80
817 10 72
816 1 79
816 2 25
816 3 55
816 4 54
816 5 57
816 6 80
816 7 40
816 8 24
816 10 49
815 1 18
815 2 1
815 3 1
815 4 41
815 5 43
815 6 22
815 7 60
815 8 45
815 10 44
814 1 99
814 2 98
814 3 75
814 4 22
814 5 85
814 6 62
814 7 79
814 8 59
814 10 44
813 1 42
813 2 97
813 3 92
813 4 100
813 5 70
813 6 70
813 8 59
813 10 23
812 1 39
812 2 64
812 3 54
812 4 12
812 5 36
812 6 24
812 7 26
812 8 97
812 10 43
811 1 64
811 2 53
811 3 11
811 4 4
811 5 67
811 6 52
811 7 54
811 8 3
811 10 39
810 2 13
810 3 100
810 5 13
810 6 67
810 7 33
810 8 60
810 10 1
809 1 58
809 2 44
809 3 17
809 4 48
809 5 41
809 6 3
809 7 22
809 8 12
809 10 66
808 1 15
808 2 2
808 3 23
808 4 28
808 5 29
808 6 23
808 7 33
808 10 56
807 1 79
807 4 74
807 5 62
807 6 24
807 7 83
807 8 26
807 10 53
806 1 54
806 2 58
806 3 80
806 4 31
806 5 90
806 6 80
806 7 27
806 8 82
806 10 23
805 1 78
805 2 23
805 3 19
805 4 42
805 5 99
805 6 28
805 7 37
805 8 4
805 10 56
804 1 74
804 2 2
804 3 25
804 4 25
804 5 18
804 6 7
804 8 25
804 10 48
803 1 22
803 2 69
803 4 91
803 5 55
803 6 4
803 7 89
803 8 57
803 10 21
802 1 16
802 2 55
802 3 57
802 4 16
802 5 46
802 6 28
802 7 3
802 8 71
801 1 45
801 2 5
801 3 86
801 4 45
801 5 5
801 6 51
801 7 51
801 8 61
801 10 16
800 1 53
800 2 37
800 3 18
800 4 97
800 5 58
800 6 77
800 7 21
800 8 53
800 10 23
799 1 69
799 2 74
799 3 86
799 4 30
799 5 61
799 6 85
799 7 64
799 8 88
799 10 38
798 1 53
798 2 44
798 3 37
798 4 6
798 5 20
798 6 41
798 7 4
798 8 19
798 10 60
797 1 5
797 2 52
797 3 13
797 4 71
797 5 99
797 6 56
797 7 36
797 8 1
797 10 36
796 1 32
796 2 27
796 3 2
796 4 51
796 5 60
796 6 58
796 7 68
796 8 80
796 10 3
795 1 81
795 3 25
795 4 95
795 5 87
795 6 39
795 7 68
795 8 53
795 10 40
794 1 14
794 2 12
794 3 74
794 4 9
794 5 60
794 6 50
794 8 90
794 10 65
793 1 19
793 2 57
793 3 51
793 4 9
793 5 93
793 6 55
793 7 96
793 8 96
793 10 76
792 1 54
792 2 49
792 3 33
792 4 91
792 5 41
792 6 17
792 7 73
792 8 64
792 10 8
791 1 54
791 2 97
791 3 8
791 4 11
791 5 95
791 6 91
791 7 84
791 8 9
791 10 31
790 1 25
790 2 28
790 3 11
790 4 61
790 5 40
790 6 79
790 8 56
790 10 19
789 1 13
789 2 50
789 3 55
789 4 12
789 5 2
789 6 18
789 7 43
789 10 47
788 1 76
788 2 16
788 3 38
788 4 98
788 5 46
788 6 15
788 7 59
788 8 49
788 10 65
787 1 75
787 3 27
787 4 74
787 5 100
787 6 98
787 7 63
787 8 75
787 10 99
786 1 96
786 2 54
786 3 24
786 4 65
786 5 88
786 6 86
786 7 75
786 8 5
786 10 44
785 1 17
785 2 42
785 3 37
785 5 81
785 6 26
785 7 28
785 8 9
785 10 61
784 1 88
784 2 54
784 3 74
784 4 83
784 5 34
784 6 56
784 7 1
784 8 6
784 10 53
783 1 32
783 2 72
783 3 94
783 4 89
783 5 82
783 6 10
783 7 10
783 8 52
783 10 42
782 1 82
782 2 56
782 3 80
782 4 51
782 5 2
782 6 92
782 7 65
782 8 42
782 10 52
781 1 88
781 2 94
781 3 59
781 4 48
781 5 91
781 7 53
781 8 24
781 10 93
780 1 32
780 2 74
780 3 68
780 4 60
780 5 69
780 6 1
780 7 53
780 8 21
780 10 31
779 1 14
779 2 21
779 4 69
779 5 93
779 6 60
779 7 82
779 8 19
779 10 8
778 1 17
778 2 43
778 3 17
778 4 21
778 5 6
778 6 32
778 7 5
778 8 93
778 10 87
777 1 51
777 2 65
777 3 88
777 5 3
777 6 31
777 7 69
777 8 95
777 10 34
776 1 93
776 2 84
776 3 92
776 4 21
776 5 76
776 6 7
776 7 41
776 8 60
776 10 10
775 1 95
775 2 3
775 3 6
775 4 14
775 5 75
775 6 40
775 7 56
775 8 60
775 10 70
774 1 83
774 2 23
774 3 60
774 4 48
774 5 32
774 6 62
774 7 49
774 8 59
774 10 47
773 1 51
773 2 13
773 3 85
773 4 7
773 5 60
773 6 40
773 7 20
773 8 45
773 10 44
772 1 57
772 3 24
772 4 23
772 5 93
772 6 27
772 7 50
772 8 50
772 10 97
771 1 6
771 3 32
771 4 100
771 5 16
771 6 6
771 7 34
771 10 59
770 1 21
770 2 44
770 3 40
770 4 65
770 5 13
770 6 2
770 7 85
770 8 13
770 10 6
769 1 47
769 2 49
769 3 81
769 4 59
769 5 16
769 6 74
769 7 78
769 8 80
769 10 65
768 1 66
768 2 48
768 3 37
768 4 93
768 5 11
768 6 68
768 7 38
768 8 8
768 10 64
767 1 9
767 2 87
767 3 17
767 4 7
767 6 15
767 7 95
767 8 46
767 10 77
766 1 2
766 2 76
766 4 97
766 5 69
766 6 51
766 7 57
766 8 5
766 10 26
765 1 84
765 2 99
765 3 68
765 4 11
765 5 36
765 6 75
765 7 56
765 8 83
765 10 78
764 2 59
764 3 17
764 4 64
764 5 49
764 6 75
764 7 62
764 8 6
764 10 89
763 1 96
763 2 72
763 3 1
763 4 39
763 6 90
763 7 1
763 8 96
763 10 29
762 1 22
762 2 45
762 3 35
762 4 73
762 5 49
762 7 35
762 8 35
762 10 15
761 1 7
761 2 34
761 3 86
761 4 92
761 5 39
761 6 82
761 7 98
761 8 82
761 10 99
760 1 3
760 2 9
760 3 68
760 4 46
760 5 47
760 6 51
760 7 99
760 8 51
760 10 96
759 1 6
759 2 89
759 3 37
759 4 78
759 5 35
759 6 60
759 7 10
759 8 12
759 10 15
758 1 67
758 2 62
758 3 12
758 4 59
758 5 38
758 6 61
758 7 74
758 8 84
758 10 31
757 1 49
757 2 41
757 3 99
757 5 84
757 6 25
757 7 10
757 8 100
757 10 34
756 1 19
756 2 18
756 3 43
756 4 10
756 5 30
756 6 76
756 7 25
756 8 88
756 10 34
755 1 77
755 4 92
755 5 9
755 6 11
755 7 60
755 8 22
754 1 78
754 2 39
754 3 62
754 4 4
754 6 7
754 7 10
754 8 40
754 10 8
753 1 11
753 2 78
753 3 53
753 4 39
753 5 67
753 6 81
753 7 8
753 8 78
753 10 68
752 1 60
752 3 1
752 5 37
752 6 61
752 7 45
752 8 13
752 10 3
751 1 39
751 2 81
751 3 72
751 4 4
751 5 52
751 6 59
751 7 24
751 8 54
751 10 89
750 1 72
750 2 100
750 3 22
750 4 31
750 5 6
750 6 3
750 7 24
750 8 9
750 10 70
749 1 39
749 2 7
749 3 91
749 4 3
749 5 32
749 6 99
749 8 39
749 10 71
748 1 32
748 2 85
748 3 99
748 5 40
748 6 72
748 8 90
748 10 82
747 1 73
747 2 7
747 3 93
747 4 5
747 5 92
747 6 49
747 7 97
747 8 7
747 10 46
746 2 66
746 3 31
746 4 80
746 5 11
746 6 81
746 7 95
746 8 63
746 10 36
745 1 71
745 2 62
745 3 96
745 4 61
745 5 12
745 6 67
745 7 45
745 8 55
745 10 5
744 1 90
744 3 95
744 4 10
744 5 53
744 6 7
744 7 70
744 8 67
744 10 2
743 1 84
743 2 20
743 3 6
743 4 24
743 5 84
743 6 32
743 7 92
743 8 35
743 10 62
742 1 74
742 2 98
742 4 94
742 5 46
742 6 20
742 7 59
742 8 51
742 10 58
741 1 55
741 2 39
741 3 32
741 4 83
741 5 96
741 6 92
741 7 100
741 8 54
741 10 40
740 1 20
740 2 28
740 3 59
740 5 88
740 6 33
740 7 91
740 8 72
740 10 53
739 1 39
739 2 6
739 3 80
739 4 95
739 5 57
739 6 68
739 7 12
739 8 42
739 10 48
738 1 16
738 2 69
738 3 91
738 4 51
738 5 87
738 6 63
738 7 45
738 8 50
738 10 73
737 1 4
737 2 34
737 3 68
737 4 69
737 5 22
737 6 20
737 7 83
737 8 60
737 10 41
736 1 12
736 2 49
736 3 73
736 4 31
736 5 85
736 6 16
736 7 17
736 8 8
736 10 82
735 1 29
735 2 73
735 3 48
735 4 77
735 5 54
735 6 7
735 7 39
735 8 44
735 10 30
734 1 52
734 3 30
734 4 49
734 5 86
734 7 47
734 8 43
734 10 48
733 1 52
733 2 46
733 3 72
733 4 72
733 5 13
733 6 18
733 7 54
733 8 67
733 10 36
732 1 90
732 2 10
732 3 66
732 4 17
732 5 83
732 6 54
732 7 53
732 8 61
732 10 71
731 1 96
731 2 75
731 3 30
731 4 45
731 5 37
731 6 63
731 7 40
731 8 5
731 10 93
730 1 41
730 2 95
730 3 73
730 5 57
730 6 58
730 7 58
730 8 92
730 10 14
729 1 52
729 3 15
729 4 9
729 5 52
729 6 36
729 7 97
729 8 71
729 10 45
728 1 20
728 2 45
728 3 47
728 4 1
728 5 26
728 6 25
728 7 39
728 8 43
728 10 27
727 1 12
727 2 14
727 3 69
727 4 96
727 5 35
727 6 15
727 7 27
727 8 16
727 10 20
726 1 67
726 2 39
726 3 26
726 4 59
726 5 90
726 6 3
726 7 60
726 8 68
726 10 44
725 2 54
725 3 41
725 4 14
725 5 54
725 6 3
725 7 20
725 10 12
724 1 84
724 2 77
724 3 78
724 4 44
724 5 61
724 6 25
724 7 4
724 8 73
724 10 14
723 1 30
723 2 6
723 3 57
723 4 86
723 5 8
723 6 40
723 7 84
723 8 78
723 10 22
722 1 26
722 2 64
722 4 72
722 5 90
722 6 74
722 7 96
722 8 19
722 10 19
721 1 62
721 2 79
721 4 50
721 5 84
721 6 68
721 7 47
721 8 92
721 10 98
720 1 95
720 2 88
720 3 75
720 4 92
720 5 20
720 6 88
720 7 51
720 8 15
719 1 78
719 2 92
719 3 26
719 4 61
719 5 60
719 6 31
719 7 71
719 8 92
719 10 44
718 1 24
718 2 14
718 3 34
718 4 27
718 5 7
718 6 84
718 7 19
718 8 44
718 10 44
717 1 83
717 2 84
717 3 53
717 4 75
717 5 59
717 6 65
717 7 40
717 8 68
717 10 4
716 2 22
716 3 86
716 4 61
716 5 70
716 6 78
716 7 48
716 8 98
716 10 49
715 1 29
715 2 91
715 3 49
715 4 93
715 5 54
715 6 23
715 8 62
714 1 22
714 2 37
714 3 29
714 4 72
714 5 24
714 6 84
714 7 96
714 8 42
714 10 50
713 1 79
713 2 45
713 3 7
713 4 55
713 5 53
713 6 42
713 7 29
713 8 25
713 10 54
712 1 16
712 2 13
712 3 50
712 4 37
712 5 79
712 6 40
712 7 91
712 8 16
712 10 92
711 1 18
711 2 24
711 3 22
711 4 79
711 6 19
711 7 5
711 8 36
711 10 10
710 1 21
710 2 42
710 3 94
710 4 1
710 5 46
710 6 57
710 7 38
710 8 69
710 10 80
709 1 47
709 2 89
709 3 18
709 4 46
709 5 93
709 6 7
709 7 9
709 8 80
709 10 97
708 1 64
708 2 2
708 3 35
708 4 25
708 5 4
708 6 41
708 7 40
708 8 6
708 10 82
707 1 4
707 2 63
707 3 73
707 4 63
707 5 56
707 6 56
707 7 75
707 8 55
707 10 61
706 1 19
706 2 100
706 3 87
706 4 45
706 5 52
706 6 23
706 8 10
706 10 93
705 1 100
705 2 47
705 3 83
705 4 20
705 5 48
705 6 12
705 7 70
705 8 39
705 10 15
704 1 23
704 2 14
704 3 36
704 4 85
704 5 47
704 6 67
704 7 96
704 8 70
704 10 25
703 1 9
703 2 83
703 3 28
703 4 63
703 5 92
703 6 53
703 7 52
703 8 39
703 10 49
702 1 68
702 2 62
702 3 87
702 4 99
702 5 42
702 8 67
702 10 75
701 1 40
701 2 72
701 3 84
701 4 61
701 5 12
701 6 59
701 7 23
701 8 42
700 1 44
700 2 89
700 3 93
700 4 83
700 5 17
700 6 88
700 7 52
700 8 58
700 10 68
699 1 9
699 2 50
699 3 6
699 4 45
699 5 46
699 6 76
699 7 64
699 10 38
698 1 5
698 2 31
698 3 18
698 4 28
698 5 56
698 6 60
698 7 16
698 8 40
698 10 63
697 1 53
697 2 56
697 3 92
697 4 72
697 5 31
697 6 49
697 8 78
697 10 22
696 1 59
696 2 16
696 4 42
696 5 53
696 6 97
696 7 63
696 8 46
696 10 74
695 1 63
695 2 97
695 3 96
695 4 80
695 5 26
695 6 60
695 7 94
695 8 1
695 10 11
694 1 47
694 2 65
694 3 13
694 4 34
694 5 2
694 7 82
694 8 43
694 10 33
693 1 56
693 2 32
693 3 99
693 4 64
693 5 97
693 6 7
693 7 23
693 8 31
693 10 47
692 1 75
692 2 100
692 4 52
692 5 46
692 6 81
692 7 43
692 8 87
692 10 99
691 1 33
691 2 88
691 3 71
691 4 35
691 5 99
691 6 90
691 7 36
691 8 94
691 10 73
690 1 57
690 2 28
690 3 30
690 4 36
690 5 93
690 6 57
690 7 84
690 8 26
690 10 81
689 1 1
689 2 55
689 3 88
689 4 26
689 5 47
689 6 83
689 7 3
689 8 12
689 10 62
688 1 50
688 2 82
688 3 58
688 4 6
688 5 99
688 6 2
688 7 47
688 8 46
688 10 87
687 1 73
687 2 15
687 3 48
687 4 12
687 5 96
687 7 75
687 8 42
687 10 41
686 1 49
686 2 99
686 3 74
686 4 19
686 5 52
686 6 28
686 7 45
686 10 96
685 1 71
685 2 85
685 3 40
685 4 84
685 5 63
685 6 52
685 7 4
685 8 58
685 10 92
684 1 79
684 2 85
684 3 51
684 4 29
684 5 93
684 6 56
684 7 28
684 8 95
683 1 25
683 2 1
683 3 28
683 4 68
683 5 22
683 6 94
683 7 20
683 8 23
683 10 68
682 1 85
682 3 71
682 4 73
682 5 75
682 6 57
682 7 73
682 8 18
682 10 74
681 1 5
681 2 42
681 3 57
681 4 16
681 5 24
681 6 4
681 7 10
681 8 17
680 1 58
680 2 76
680 3 40
680 4 34
680 5 13
680 6 30
680 7 39
680 8 62
680 10 53
679 1 2
679 2 94
679 3 76
679 4 35
679 5 34
679 6 70
679 7 54
679 8 15
678 1 44
678 2 28
678 3 57
678 4 22
678 5 49
678 6 36
678 7 40
678 8 72
677 1 22
677 2 54
677 3 60
677 4 66
677 5 21
677 6 94
677 7 58
677 8 6
677 10 66
676 1 36
676 2 97
676 3 29
676 4 9
676 5 42
676 6 5
676 7 91
676 8 35
676 10 11
675 1 87
675 2 91
675 3 97
675 4 11
675 5 78
675 6 100
675 7 48
675 8 46
675 10 16
674 1 16
674 2 51
674 3 70
674 4 20
674 5 89
674 6 4
674 7 24
674 8 88
674 10 66
673 1 90
673 2 4
673 3 38
673 4 74
673 5 60
673 6 90
673 7 21
673 8 51
673 10 97
672 1 26
672 2 53
672 3 62
672 4 57
672 5 19
672 6 29
672 7 60
672 8 29
672 10 86
671 1 31
671 2 22
671 3 27
671 4 38
671 5 16
671 6 37
671 7 80
671 8 76
671 10 76
670 2 69
670 3 79
670 4 29
670 5 6
670 7 68
670 8 3
670 10 35
669 1 37
669 2 16
669 3 84
669 5 51
669 6 62
669 7 92
669 8 86
669 10 42
668 1 53
668 2 15
668 3 96
668 4 92
668 5 61
668 6 30
668 7 91
668 8 21
668 10 1
667 1 48
667 2 81
667 3 2
667 4 69
667 5 60
667 6 10
667 7 29
667 10 63
666 1 12
666 2 62
666 3 2
666 4 42
666 5 39
666 6 42
666 7 20
666 8 95
666 10 5
665 1 63
665 2 56
665 3 12
665 4 31
665 5 15
665 6 63
665 7 9
665 8 93
665 10 43
664 1 4
664 2 33
664 3 73
664 4 8
664 5 96
664 6 43
664 7 9
664 8 81
664 10 89
663 1 85
663 2 1
663 3 26
663 4 90
663 5 49
663 6 90
663 7 43
663 10 88
662 1 25
662 2 62
662 3 85
662 4 81
662 5 25
662 6 54
662 7 61
662 8 17
662 10 14
661 1 15
661 5 13
661 6 51
661 7 12
661 8 77
661 10 72
660 1 48
660 2 24
660 3 91
660 4 86
660 5 95
660 6 29
660 7 50
660 8 93
660 10 72
659 1 45
659 2 13
659 3 63
659 4 61
659 5 21
659 7 16
659 8 37
659 10 40
658 1 5
658 2 15
658 3 96
658 4 99
658 5 99
658 6 27
658 7 23
658 8 46
658 10 73
657 1 17
657 2 90
657 3 38
657 4 77
657 5 4
657 6 97
657 8 8
657 10 95
656 1 10
656 2 95
656 3 38
656 4 21
656 5 45
656 6 66
656 7 92
656 8 100
656 10 1
655 2 95
655 3 33
655 4 9
655 5 11
655 6 70
655 7 32
655 8 1
655 10 26
654 1 88
654 2 43
654 3 16
654 4 71
654 5 88
654 6 91
654 7 31
654 8 39
653 1 28
653 2 45
653 3 69
653 4 97
653 5 56
653 6 86
653 7 96
653 8 1
653 10 17
652 1 43
652 2 76
652 4 58
652 6 14
652 7 28
652 8 16
652 10 47
651 1 57
651 2 9
651 3 74
651 4 39
651 5 85
651 6 34
651 7 61
651 8 21
651 10 34
650 1 43
650 2 20
650 3 93
650 4 7
650 5 39
650 6 13
650 7 49
650 8 62
650 10 56
649 1 16
649 2 10
649 3 33
649 4 81
649 5 48
649 6 25
649 7 39
649 8 80
649 10 93
648 1 36
648 2 58
648 3 76
648 4 9
648 5 43
648 6 24
648 7 10
648 8 28
648 10 17
647 1 81
647 2 77
647 3 49
647 4 29
647 5 73
647 6 48
647 7 21
647 8 92
647 10 60
646 1 23
646 2 98
646 3 3
646 4 76
646 5 75
646 6 100
646 7 32
646 8 15
646 10 26
645 1 5
645 2 25
645 3 86
645 4 29
645 5 56
645 6 49
645 8 96
645 10 55
644 1 31
644 2 30
644 3 5
644 5 60
644 6 48
644 7 100
644 8 55
644 10 96
643 1 60
643 2 22
643 3 4
643 4 25
643 6 21
643 7 16
643 8 83
643 10 98
642 1 62
642 2 60
642 3 99
642 4 73
642 5 61
642 6 19
642 7 18
642 8 66
642 10 73
641 1 12
641 2 4
641 3 79
641 4 77
641 5 60
641 7 54
641 8 93
641 10 65
640 1 58
640 2 19
640 3 1
640 4 8
640 6 83
640 7 99
640 8 51
640 10 81
639 1 33
639 2 33
639 3 49
639 4 34
639 5 61
639 6 11
639 7 26
639 8 64
639 10 56
638 1 8
638 2 29
638 5 96
638 6 23
638 7 54
638 8 63
638 10 91
637 1 90
637 2 86
637 3 98
637 4 3
637 5 34
637 6 3
637 7 33
637 8 52
637 10 25
636 1 12
636 2 17
636 3 100
636 5 8
636 6 43
636 7 4
636 8 20
635 1 63
635 2 85
635 3 80
635 4 22
635 5 79
635 6 89
635 7 25
635 8 85
635 10 47
634 1 97
634 2 44
634 3 8
634 4 16
634 5 3
634 6 55
634 7 95
634 8 19
634 10 88
633 1 21
633 2 96
633 3 5
633 4 4
633 5 71
633 6 19
633 7 69
633 8 83
633 10 72
632 1 68
632 2 12
632 3 16
632 4 95
632 5 68
632 6 77
632 7 91
632 8 17
632 10 81
631 1 3
631 2 83
631 3 79
631 4 96
631 5 7
631 7 8
631 8 44
630 1 13
630 2 58
630 3 47
630 4 17
630 5 5
630 6 17
630 7 32
630 8 68
630 10 79
629 1 62
629 2 17
629 4 44
629 5 59
629 6 52
629 7 81
629 8 50
628 1 45
628 2 77
628 3 12
628 4 68
628 6 51
628 7 58
628 8 66
628 10 60
627 1 36
627 2 99
627 3 2
627 4 94
627 5 96
627 6 49
627 7 17
627 8 65
627 10 62
626 1 29
626 2 85
626 4 15
626 6 2
626 7 84
626 8 58
626 10 100
625 1 58
625 2 80
625 3 90
625 4 35
625 5 37
625 6 63
625 7 82
625 8 61
624 2 90
624 4 86
624 5 12
624 6 92
624 7 14
624 8 36
624 10 41
623 1 2
623 2 12
623 3 92
623 4 92
623 5 87
623 6 15
623 7 31
623 8 27
623 10 65
622 1 84
622 2 94
622 3 34
622 4 37
622 5 79
622 6 48
622 7 88
622 8 44
622 10 98
621 1 54
621 2 72
621 4 67
621 5 88
621 6 15
621 7 40
621 10 56
620 1 85
620 2 57
620 3 55
620 4 92
620 5 37
620 6 38
620 7 88
620 8 83
620 10 34
619 1 28
619 2 13
619 3 56
619 4 51
619 5 52
619 6 82
619 7 78
619 8 58
619 10 11
618 1 42
618 2 56
618 3 51
618 4 91
618 5 85
618 6 11
618 7 99
618 10 82
617 1 16
617 2 26
617 3 43
617 4 6
617 5 68
617 6 32
617 7 88
617 8 82
617 10 49
616 1 56
616 2 8
616 3 17
616 4 92
616 5 7
616 7 83
616 8 51
616 10 97
615 1 33
615 2 88
615 3 39
615 4 60
615 5 9
615 6 24
615 7 28
615 8 89
615 10 85
614 1 95
614 2 60
614 3 84
614 4 74
614 5 69
614 6 12
614 7 68
614 8 6
614 10 52
613 1 2
613 2 17
613 4 4
613 5 56
613 6 10
613 7 4
613 8 60
613 10 71
612 1 64
612 2 54
612 3 93
612 4 59
612 5 6
612 6 58
612 8 29
612 10 45
611 1 99
611 3 82
611 4 53
611 5 2
611 6 10
611 7 93
611 8 22
611 10 10
610 1 3
610 2 53
610 3 55
610 4 62
610 5 87
610 6 67
610 7 83
610 8 83
610 10 35
609 1 25
609 2 16
609 5 38
609 7 42
609 8 99
609 10 17
608 1 89
608 2 31
608 3 72
608 4 83
608 5 17
608 6 15
608 7 21
608 8 72
608 10 98
607 1 42
607 2 10
607 3 50
607 4 12
607 5 20
607 6 39
607 7 30
607 8 83
607 10 90
606 1 89
606 2 93
606 4 71
606 5 83
606 6 83
606 7 50
606 8 55
606 10 91
605 1 52
605 2 37
605 3 74
605 4 48
605 5 99
605 6 69
605 7 87
605 8 89
605 10 29
604 2 49
604 3 74
604 5 3
604 6 97
604 7 49
604 8 60
604 10 91
603 1 34
603 2 57
603 3 49
603 4 33
603 6 76
603 7 52
603 8 10
603 10 60
602 1 13
602 2 69
602 3 43
602 4 62
602 5 100
602 7 13
602 8 67
602 10 84
601 1 89
601 3 91
601 4 9
601 5 61
601 6 31
601 7 94
601 8 37
601 10 70
600 2 91
600 3 64
600 4 82
600 6 95
600 7 70
600 8 6
600 10 12
599 1 93
599 2 42
599 3 61
599 4 86
599 5 87
599 6 39
599 7 59
599 8 69
599 10 45
598 1 57
598 2 55
598 3 79
598 4 81
598 5 94
598 6 95
598 7 95
598 8 2
598 10 21
597 1 51
597 2 8
597 3 100
597 4 87
597 5 5
597 6 89
597 7 33
597 8 97
596 1 6
596 2 34
596 3 66
596 4 30
596 5 42
596 6 29
596 7 43
596 8 15
596 10 26
595 1 62
595 2 41
595 3 33
595 4 98
595 5 16
595 6 79
595 7 13
595 8 21
595 10 9
594 1 96
594 2 60
594 3 11
594 4 22
594 5 31
594 6 85
594 7 49
594 8 17
594 10 24
593 1 64
593 2 51
593 3 70
593 4 26
593 5 67
593 7 43
593 8 37
593 10 62
592 1 32
592 2 51
592 3 47
592 4 69
592 5 47
592 6 27
592 7 92
592 8 26
591 1 30
591 2 86
591 3 43
591 4 86
591 5 74
591 6 48
591 7 4
591 8 36
591 10 23
590 1 95
590 2 96
590 3 19
590 4 74
590 5 15
590 7 17
590 8 33
590 10 20
589 1 64
589 2 24
589 3 27
589 4 99
589 5 33
589 6 88
589 7 93
589 8 2
589 10 91
588 1 64
588 2 10
588 3 77
588 4 28
588 5 1
588 7 2
588 8 96
588 10 33
587 1 94
587 2 73
587 3 59
587 4 68
587 5 30
587 7 97
587 8 27
587 10 19
586 1 4
586 2 78
586 3 21
586 4 49
586 6 9
586 7 99
586 8 40
586 10 8
585 1 35
585 2 23
585 3 46
585 4 93
585 5 16
585 6 100
585 7 61
585 8 24
585 10 43
584 1 98
584 3 20
584 4 17
584 5 13
584 6 12
584 7 42
584 8 89
584 10 11
583 1 17
583 2 12
583 3 79
583 4 63
583 5 74
583 6 97
583 7 78
583 8 39
583 10 91
582 1 11
582 2 45
582 3 65
582 4 34
582 5 53
582 6 95
582 7 63
582 8 64
582 10 24
581 1 30
581 2 99
581 3 64
581 4 77
581 5 37
581 6 88
581 7 51
581 8 66
581 10 75
580 1 71
580 2 55
580 5 94
580 6 89
580 7 34
580 8 48
580 10 20
579 1 5
579 2 96
579 3 57
579 5 34
579 6 61
579 7 58
579 8 53
579 10 32
578 1 54
578 2 87
578 3 26
578 4 71
578 5 70
578 7 70
578 8 47
578 10 11
577 1 73
577 2 26
577 3 16
577 4 100
577 6 11
577 7 70
577 8 65
577 10 84
576 2 76
576 3 51
576 4 55
576 5 15
576 6 93
576 7 74
576 8 71
575 1 91
575 3 89
575 4 91
575 5 86
575 6 95
575 7 30
575 8 29
575 10 10
574 1 31
574 2 74
574 4 60
574 5 92
574 6 67
574 7 85
574 8 11
574 10 71
573 1 41
573 3 90
573 4 51
573 5 40
573 6 32
573 7 46
573 8 59
573 10 2
572 1 17
572 2 10
572 4 18
572 5 40
572 6 55
572 7 22
572 8 61
572 10 22
571 1 42
571 2 15
571 3 89
571 4 58
571 5 53
571 6 91
571 7 90
571 8 31
571 10 77
570 1 24
570 3 51
570 5 6
570 6 43
570 7 86
570 8 44
570 10 44
569 1 9
569 2 52
569 3 5
569 4 48
569 5 46
569 6 63
569 7 1
569 8 8
569 10 67
568 1 50
568 2 66
568 3 3
568 4 53
568 5 93
568 6 63
568 7 69
568 8 8
568 10 42
567 1 90
567 2 94
567 3 68
567 4 41
567 5 77
567 6 4
567 7 61
567 8 100
567 10 70
566 2 87
566 3 17
566 4 29
566 5 77
566 6 79
566 7 64
566 8 70
566 10 41
565 1 79
565 2 98
565 3 59
565 4 31
565 5 72
565 6 31
565 7 91
565 8 6
565 10 24
564 1 13
564 2 44
564 3 47
564 4 60
564 5 10
564 6 68
564 7 57
564 8 10
564 10 3
563 1 47
563 2 21
563 3 47
563 4 29
563 5 17
563 6 43
563 7 38
563 8 16
563 10 34
562 1 35
562 2 35
562 3 80
562 4 61
562 5 20
562 6 59
562 7 60
562 8 2
562 10 47
561 1 68
561 2 83
561 3 39
561 4 84
561 5 93
561 6 16
561 7 17
561 8 77
561 10 20
560 1 70
560 2 70
560 3 25
560 4 6
560 5 75
560 6 25
560 7 84
560 8 5
560 10 61
559 1 84
559 2 19
559 3 3
559 4 32
559 5 98
559 6 62
559 8 19
558 1 49
558 2 21
558 3 87
558 4 67
558 5 25
558 6 78
558 7 60
558 8 3
558 10 88
557 2 45
557 3 84
557 4 100
557 5 38
557 6 21
557 7 73
557 10 96
556 1 50
556 2 33
556 3 38
556 4 22
556 6 40
556 7 92
556 8 38
556 10 72
555 1 1
555 2 24
555 3 56
555 4 33
555 5 55
555 6 5
555 7 8
555 8 68
555 10 80
554 1 68
554 2 66
554 4 1
554 5 30
554 6 29
554 7 40
554 8 15
554 10 88
553 1 38
553 2 66
553 3 38
553 4 84
553 5 66
553 6 14
553 8 54
553 10 33
552 1 4
552 2 3
552 3 87
552 4 80
552 5 58
552 6 55
552 7 92
552 8 90
552 10 36
551 1 17
551 2 23
551 3 54
551 4 56
551 5 99
551 6 6
551 7 21
551 8 67
551 10 84
550 1 76
550 3 80
550 4 92
550 5 25
550 6 41
550 7 30
550 8 97
550 10 57
549 1 53
549 2 80
549 3 38
549 4 79
549 5 78
549 6 59
549 7 16
549 8 21
549 10 27
548 1 94
548 2 23
548 3 82
548 4 7
548 5 36
548 6 49
548 7 30
548 8 4
548 10 32
547 1 59
547 2 61
547 3 48
547 4 98
547 5 95
547 6 85
547 7 42
547 8 93
547 10 20
546 1 61
546 2 79
546 3 38
546 4 35
546 5 44
546 6 69
546 7 9
546 8 37
546 10 84
545 1 100
545 2 64
545 3 15
545 4 25
545 5 77
545 6 70
545 7 48
545 8 85
545 10 40
544 1 12
544 2 4
544 3 34
544 4 73
544 5 62
544 6 100
544 7 88
544 8 24
544 10 58
543 1 79
543 2 62
543 3 33
543 4 17
543 5 67
543 6 56
543 7 74
543 8 51
543 10 83
542 1 44
542 3 40
542 4 84
542 5 41
542 6 7
542 7 8
542 8 70
542 10 63
541 1 29
541 2 51
541 3 86
541 4 55
541 5 24
541 6 58
541 7 52
541 8 88
541 10 41
540 1 92
540 2 58
540 3 40
540 4 79
540 5 64
540 6 25
540 7 23
540 8 100
540 10 20
539 1 94
539 2 44
539 3 95
539 4 96
539 5 67
539 6 14
539 7 50
539 8 42
539 10 48
538 1 92
538 2 42
538 3 92
538 4 44
538 5 98
538 6 70
538 7 39
538 8 20
538 10 72
537 1 62
537 2 77
537 3 8
537 4 58
537 5 16
537 6 44
537 7 30
537 8 46
537 10 11
536 1 75
536 2 47
536 3 40
536 4 42
536 5 23
536 6 96
536 7 14
536 8 7
536 10 52
535 1 47
535 2 22
535 3 48
535 4 51
535 5 72
535 6 6
535 7 2
535 8 94
535 10 53
534 1 84
534 2 64
534 3 44
534 4 79
534 5 61
534 6 59
534 8 20
534 10 89
533 1 9
533 2 93
533 3 49
533 4 62
533 5 23
533 6 5
533 7 30
533 8 55
533 10 58
532 1 43
532 2 22
532 3 58
532 4 13
532 5 73
532 6 91
532 7 9
532 8 58
532 10 34
531 1 48
531 3 69
531 4 45
531 6 3
531 7 57
531 8 29
531 10 67
530 1 60
530 2 11
530 3 10
530 4 20
530 5 28
530 6 5
530 7 53
530 8 10
529 1 86
529 2 25
529 3 21
529 4 53
529 5 18
529 6 64
529 7 61
529 8 71
529 10 76
528 1 29
528 2 86
528 3 29
528 4 1
528 5 97
528 6 37
528 7 24
528 8 66
528 10 92
527 1 12
527 2 48
527 3 84
527 5 23
527 6 57
527 7 42
527 8 85
527 10 1
526 1 44
526 2 69
526 3 91
526 4 80
526 5 42
526 7 1
526 8 97
526 10 5
525 1 49
525 2 38
525 3 79
525 4 54
525 5 5
525 6 95
525 7 65
525 8 83
525 10 44
524 1 57
524 2 65
524 3 44
524 4 92
524 5 12
524 6 60
524 7 75
524 8 7
524 10 5
523 1 93
523 2 96
523 3 79
523 4 3
523 6 44
523 7 55
523 8 45
523 10 6
522 1 89
522 2 65
522 3 15
522 4 22
522 5 70
522 6 57
522 7 52
522 8 77
522 10 15
521 2 38
521 3 24
521 4 80
521 5 55
521 6 16
521 7 91
521 8 81
521 10 8
520 1 22
520 2 75
520 3 49
520 4 90
520 5 3
520 6 56
520 7 72
520 8 12
520 10 31
519 1 98
519 2 5
519 3 43
519 4 45
519 5 46
519 6 16
519 7 84
519 8 72
519 10 87
518 1 38
518 2 31
518 3 55
518 4 84
518 5 9
518 6 56
518 7 34
518 8 22
518 10 44
517 1 77
517 2 82
517 3 88
517 4 94
517 5 100
517 6 14
517 7 91
517 8 96
517 10 37
516 1 40
516 2 81
516 3 89
516 4 51
516 5 15
516 6 10
516 7 27
516 8 26
516 10 65
515 1 31
515 2 86
515 3 19
515 4 74
515 5 58
515 7 19
515 8 13
515 10 3
514 1 1
514 2 30
514 3 79
514 4 93
514 5 100
514 6 93
514 7 13
514 8 73
514 10 22
513 1 24
513 2 74
513 3 95
513 4 100
513 5 5
513 6 22
513 7 2
513 8 93
513 10 44
512 1 79
512 2 60
512 3 30
512 4 8
512 5 16
512 6 72
512 7 12
512 8 90
512 10 60
511 1 27
511 2 39
511 3 83
511 4 68
511 5 49
511 6 73
511 7 70
511 8 12
511 10 44
510 1 50
510 2 22
510 3 56
510 4 55
510 5 58
510 6 39
510 7 61
510 8 16
510 10 39
509 1 26
509 2 95
509 3 43
509 4 6
509 5 16
509 6 58
509 7 83
509 8 67
509 10 88
508 1 62
508 2 44
508 3 68
508 4 82
508 5 89
508 6 12
508 7 79
508 8 83
508 10 4
507 1 22
507 2 74
507 3 21
507 4 44
507 5 33
507 7 41
507 10 36
506 1 57
506 2 79
506 3 26
506 4 84
506 5 90
506 6 59
506 7 2
506 8 8
506 10 61
505 1 55
505 2 34
505 4 77
505 5 82
505 6 45
505 7 20
505 8 100
505 10 69
504 1 1
504 2 38
504 3 5
504 4 57
504 5 82
504 6 59
504 7 30
504 8 54
504 10 90
503 1 19
503 2 35
503 3 75
503 4 81
503 5 13
503 6 87
503 7 26
503 8 41
502 1 6
502 2 65
502 3 64
502 4 83
502 5 8
502 7 17
502 10 28
501 1 32
501 2 84
501 3 70
501 4 25
501 5 54
501 6 4
501 7 44
501 8 26
501 10 93
500 1 4
500 2 85
500 3 97
500 4 58
500 5 16
500 6 23
500 7 34
500 8 29
500 10 94
499 1 91
499 2 57
499 3 72
499 4 6
499 5 60
499 7 45
499 8 54
499 10 54
498 1 73
498 2 99
498 3 47
498 4 43
498 5 53
498 6 30
498 7 91
498 8 27
498 10 65
497 1 15
497 2 81
497 4 18
497 5 48
497 6 42
497 7 36
497 8 61
497 10 42
496 1 41
496 2 94
496 3 95
496 4 6
496 5 23
496 6 72
496 7 26
496 8 53
496 10 28
495 2 63
495 3 33
495 4 74
495 5 45
495 6 9
495 7 26
495 8 92
494 1 22
494 2 36
494 3 35
494 4 83
494 5 28
494 7 50
494 8 67
494 10 60
493 1 22
493 2 93
493 3 36
493 4 18
493 5 82
493 6 20
493 7 68
493 8 14
492 1 43
492 2 31
492 3 25
492 4 100
492 5 23
492 6 14
492 7 53
492 8 33
492 10 65
491 1 28
491 2 75
491 3 59
491 4 71
491 5 77
491 6 18
491 8 90
491 10 82
490 1 88
490 2 10
490 3 1
490 4 25
490 5 51
490 6 74
490 7 74
490 8 14
490 10 37
489 1 72
489 2 4
489 3 66
489 4 41
489 5 1
489 7 30
489 8 34
489 10 42
488 1 88
488 2 28
488 3 43
488 5 61
488 6 81
488 7 80
488 8 48
488 10 48
487 1 43
487 2 95
487 3 48
487 4 47
487 5 9
487 6 55
487 7 21
487 8 99
487 10 66
486 1 65
486 2 80
486 3 86
486 4 52
486 5 23
486 6 96
486 7 81
486 8 92
486 10 57
485 1 29
485 2 69
485 3 62
485 5 49
485 6 79
485 7 22
485 10 28
484 1 12
484 2 92
484 3 86
484 4 45
484 5 3
484 6 84
484 7 35
484 8 66
484 10 94
483 1 15
483 2 52
483 3 35
483 4 85
483 5 90
483 6 80
483 7 100
483 8 12
483 10 85
482 1 49
482 2 76
482 3 63
482 4 88
482 5 65
482 6 44
482 7 10
482 8 92
482 10 78
481 1 48
481 2 97
481 3 60
481 4 7
481 5 25
481 6 10
481 8 91
481 10 30
480 1 22
480 2 4
480 5 59
480 6 97
480 7 45
480 8 15
480 10 100
479 1 13
479 2 8
479 3 14
479 4 75
479 5 14
479 6 58
479 7 25
479 8 38
479 10 36
478 1 47
478 2 29
478 3 88
478 4 99
478 5 52
478 6 49
478 7 60
478 8 10
478 10 31
477 1 76
477 2 60
477 3 84
477 4 34
477 5 34
477 6 47
477 7 29
477 8 28
477 10 41
476 1 47
476 3 87
476 4 57
476 5 76
476 6 30
476 7 19
476 8 58
476 10 81
475 1 61
475 2 28
475 3 82
475 4 78
475 5 33
475 6 81
475 7 8
475 8 64
474 1 37
474 2 70
474 3 59
474 4 78
474 5 82
474 6 40
474 7 47
474 8 1
474 10 66
473 1 23
473 2 38
473 3 53
473 4 44
473 5 60
473 6 96
473 7 76
473 8 88
473 10 58
472 1 93
472 2 77
472 3 65
472 5 92
472 6 78
472 7 77
472 8 8
472 10 88
471 1 50
471 2 71
471 3 53
471 4 31
471 5 55
471 6 45
471 7 99
471 8 92
471 10 100
470 1 61
470 3 30
470 4 4
470 5 30
470 6 64
470 7 87
470 8 13
470 10 31
469 1 100
469 2 90
469 3 15
469 4 21
469 5 35
469 6 16
469 7 94
469 8 50
469 10 1
468 1 4
468 2 17
468 3 91
468 4 13
468 5 36
468 6 22
468 7 83
468 8 91
468 10 83
467 1 47
467 2 22
467 3 20
467 4 64
467 5 50
467 6 56
467 7 87
467 8 96
467 10 91
466 1 24
466 2 42
466 3 57
466 4 49
466 5 26
466 6 25
466 7 28
466 8 57
466 10 56
465 1 73
465 3 2
465 4 37
465 5 11
465 6 28
465 7 49
465 8 84
465 10 19
464 1 86
464 2 46
464 3 50
464 4 61
464 5 76
464 6 84
464 7 81
464 8 59
464 10 24
463 1 65
463 2 55
463 3 14
463 4 5
463 5 52
463 6 15
463 7 90
463 8 54
463 10 98
462 1 61
462 2 6
462 3 70
462 4 33
462 5 1
462 6 51
462 7 1
462 8 30
462 10 47
461 1 66
461 2 64
461 3 29
461 4 92
461 5 70
461 6 50
461 7 34
461 8 85
461 10 76
460 1 31
460 2 83
460 3 36
460 4 93
460 5 41
460 6 45
460 8 65
460 10 69
459 1 17
459 2 83
459 3 6
459 4 92
459 5 33
459 6 26
459 7 11
459 8 55
459 10 6
458 1 49
458 2 82
458 3 76
458 4 10
458 5 49
458 6 88
458 7 70
458 8 6
458 10 20
457 1 93
457 2 67
457 3 79
457 4 55
457 5 11
457 6 49
457 7 53
457 8 45
456 2 29
456 3 26
456 4 45
456 5 52
456 6 33
456 7 99
456 8 12
456 10 99
455 1 92
455 2 94
455 3 39
455 4 61
455 5 59
455 6 61
455 7 6
455 8 82
455 10 37
454 1 92
454 2 19
454 3 58
454 4 60
454 5 3
454 6 20
454 7 49
454 10 65
453 1 19
453 2 18
453 3 87
453 4 24
453 5 48
453 6 86
453 7 73
453 8 77
453 10 87
452 1 67
452 2 38
452 3 61
452 4 49
452 5 56
452 6 74
452 7 63
452 8 27
452 10 59
451 1 71
451 2 36
451 3 29
451 4 95
451 5 19
451 6 41
451 7 48
451 8 86
451 10 93
450 1 55
450 3 35
450 4 73
450 5 49
450 6 69
450 7 84
450 8 72
450 10 29
449 1 86
449 2 98
449 3 92
449 4 60
449 6 45
449 7 32
449 8 58
449 10 80
448 1 16
448 2 12
448 3 72
448 4 46
448 5 57
448 6 68
448 7 21
448 8 15
448 10 58
447 1 84
447 2 30
447 3 65
447 4 26
447 5 85
447 6 72
447 7 86
447 8 68
447 10 7
446 1 57
446 2 71
446 3 18
446 4 36
446 5 75
446 6 61
446 7 16
446 8 84
446 10 37
445 2 75
445 3 81
445 4 93
445 5 45
445 6 7
445 7 25
445 8 100
445 10 19
444 1 25
444 2 41
444 3 88
444 4 80
444 5 60
444 6 51
444 7 69
444 8 18
444 10 59
443 1 51
443 2 58
443 3 81
443 4 66
443 5 92
443 6 61
443 7 27
443 8 40
443 10 37
442 1 70
442 2 67
442 3 28
442 4 93
442 5 5
442 6 88
442 7 41
442 8 96
441 1 32
441 2 27
441 3 40
441 4 17
441 5 25
441 6 86
441 7 72
441 8 31
441 10 22
440 1 61
440 2 30
440 3 44
440 4 26
440 5 44
440 6 42
440 7 17
440 8 39
440 10 21
439 1 91
439 2 95
439 3 31
439 4 29
439 5 89
439 6 64
439 7 87
439 8 23
439 10 11
438 1 25
438 2 23
438 3 74
438 4 20
438 5 56
438 6 79
438 7 100
438 8 57
438 10 63
437 1 54
437 2 71
437 3 100
437 4 39
437 5 62
437 6 69
437 7 60
437 8 69
437 10 60
436 1 41
436 2 57
436 3 77
436 4 55
436 5 19
436 6 21
436 7 38
436 8 90
436 10 68
435 1 6
435 2 85
435 3 39
435 5 37
435 6 83
435 7 66
435 8 41
435 10 3
434 1 33
434 2 42
434 3 7
434 5 30
434 6 87
434 7 60
434 8 38
434 10 92
433 1 69
433 2 24
433 3 27
433 4 6
433 5 91
433 6 76
433 7 10
433 8 56
433 10 55
432 1 43
432 2 69
432 3 70
432 4 59
432 5 18
432 6 28
432 7 43
432 8 33
432 10 79
431 1 32
431 2 53
431 3 33
431 4 47
431 5 14
431 6 1
431 7 1
431 8 32
431 10 79
430 1 99
430 2 85
430 3 59
430 4 48
430 5 75
430 6 10
430 7 41
430 8 71
430 10 71
429 1 61
429 2 28
429 3 74
429 5 44
429 6 91
429 7 23
429 8 16
429 10 77
428 1 17
428 3 21
428 4 76
428 5 12
428 6 23
428 7 78
428 8 88
427 1 58
427 2 78
427 3 98
427 4 63
427 5 78
427 6 63
427 7 91
427 8 35
427 10 94
426 1 26
426 2 53
426 3 36
426 4 79
426 5 13
426 6 83
426 7 54
426 10 75
425 1 66
425 2 37
425 3 58
425 4 4
425 5 84
425 6 71
425 7 18
425 8 97
425 10 52
424 1 80
424 2 54
424 3 41
424 4 61
424 5 23
424 6 39
424 7 66
424 8 94
424 10 18
423 1 34
423 2 61
423 3 30
423 4 99
423 5 21
423 6 91
423 7 54
423 8 59
423 10 80
422 1 6
422 2 60
422 3 10
422 5 50
422 6 34
422 7 7
422 8 65
422 10 56
421 1 24
421 2 76
421 3 14
421 4 20
421 5 21
421 6 59
421 7 4
421 8 44
421 10 98
420 1 78
420 3 55
420 4 69
420 5 41
420 6 6
420 8 65
420 10 16
419 1 99
419 2 68
419 3 79
419 4 26
419 5 50
419 6 15
419 7 38
419 8 55
419 10 43
418 1 7
418 2 73
418 3 78
418 4 41
418 5 24
418 6 69
418 7 58
418 8 66
418 10 38
417 1 63
417 2 41
417 3 54
417 4 28
417 5 41
417 6 29
417 7 65
417 8 17
417 10 59
416 1 59
416 2 82
416 3 76
416 4 3
416 5 61
416 6 9
416 8 39
416 10 45
415 1 73
415 2 89
415 6 70
415 7 57
415 8 82
415 10 19
414 1 100
414 2 21
414 4 63
414 5 60
414 6 14
414 7 76
414 8 46
414 10 2
413 1 16
413 2 90
413 3 4
413 4 25
413 5 59
413 6 27
413 7 32
413 8 21
413 10 40
412 1 46
412 2 11
412 3 91
412 4 38
412 5 40
412 6 97
412 8 63
412 10 4
411 1 48
411 2 3
411 3 33
411 4 54
411 5 96
411 6 3
411 7 97
411 8 91
411 10 68
410 1 10
410 2 97
410 3 57
410 4 1
410 5 83
410 6 23
410 7 28
410 8 60
410 10 12
409 1 93
409 2 66
409 3 35
409 4 74
409 5 87
409 6 84
409 7 59
409 8 81
409 10 17
408 1 63
408 2 36
408 3 31
408 4 15
408 5 4
408 6 2
408 7 88
408 8 69
408 10 68
407 1 61
407 2 39
407 3 36
407 4 28
407 5 35
407 6 71
407 7 50
407 8 76
407 10 10
406 1 50
406 3 44
406 4 60
406 5 63
406 6 22
406 7 89
406 8 81
406 10 72
405 1 34
405 2 57
405 3 67
405 4 37
405 5 97
405 6 17
405 7 54
405 8 70
405 10 58
404 1 66
404 2 93
404 3 36
404 4 76
404 5 15
404 7 18
404 8 71
404 10 98
403 1 98
403 2 76
403 3 94
403 4 77
403 5 63
403 6 22
403 8 68
403 10 25
402 1 51
402 2 17
402 3 87
402 4 22
402 5 22
402 6 97
402 8 39
402 10 12
401 1 79
401 2 20
401 3 10
401 4 66
401 5 76
401 6 6
401 7 67
401 10 89
400 1 61
400 2 15
400 3 90
400 5 63
400 6 49
400 7 9
400 8 5
400 10 88
399 1 55
399 2 14
399 3 27
399 4 54
399 5 79
399 6 40
399 7 94
399 8 19
399 10 81
398 1 21
398 2 37
398 3 91
398 4 60
398 5 13
398 6 24
398 7 1
398 8 33
397 1 38
397 2 47
397 3 90
397 4 41
397 5 30
397 6 94
397 7 18
397 8 94
397 10 63
396 1 16
396 2 58
396 5 1
396 6 67
396 8 80
396 10 98
395 1 41
395 2 100
395 3 57
395 4 44
395 5 39
395 6 36
395 7 42
395 8 50
395 10 94
394 1 63
394 2 63
394 4 73
394 5 22
394 6 92
394 7 13
394 8 87
394 10 45
393 1 33
393 2 55
393 3 52
393 4 21
393 5 88
393 6 83
393 7 96
393 8 64
393 10 82
392 1 64
392 2 92
392 3 27
392 4 81
392 5 76
392 6 66
392 7 44
392 8 20
392 10 59
391 1 97
391 2 84
391 3 18
391 4 18
391 5 58
391 6 58
391 7 67
391 8 79
391 10 36
390 1 41
390 2 99
390 3 89
390 4 23
390 5 73
390 6 68
390 7 81
390 8 71
390 10 72
389 1 47
389 2 10
389 3 91
389 4 35
389 5 25
389 6 1
389 7 33
389 8 13
389 10 62
388 1 35
388 2 51
388 3 33
388 4 81
388 5 13
388 6 26
388 7 46
388 8 54
388 10 95
387 1 83
387 2 79
387 3 98
387 4 49
387 5 99
387 6 72
387 7 81
387 8 67
387 10 23
386 1 54
386 2 6
386 4 12
386 5 100
386 6 13
386 7 61
386 8 78
386 10 86
385 1 50
385 2 43
385 3 68
385 4 27
385 5 81
385 6 44
385 7 67
385 8 67
385 10 84
384 2 61
384 3 39
384 4 74
384 5 3
384 6 8
384 7 18
384 8 22
384 10 90
383 1 25
383 2 37
383 3 28
383 4 68
383 5 45
383 6 24
383 7 90
383 8 60
383 10 51
382 1 94
382 2 76
382 4 68
382 5 4
382 6 25
382 7 3
382 8 94
382 10 51
381 1 93
381 2 67
381 3 56
381 4 13
381 5 46
381 6 89
381 7 48
381 8 36
381 10 72
380 1 2
380 2 75
380 3 78
380 4 91
380 5 100
380 6 58
380 7 17
380 8 91
380 10 9
379 2 87
379 3 40
379 4 91
379 5 77
379 6 11
379 7 44
379 8 29
378 1 35
378 2 81
378 3 71
378 4 57
378 5 68
378 6 12
378 7 56
378 8 30
378 10 58
377 2 39
377 3 21
377 4 15
377 5 20
377 6 95
377 7 16
377 8 9
377 10 80
376 1 10
376 2 41
376 3 63
376 4 56
376 5 32
376 6 74
376 7 85
376 8 46
376 10 55
375 1 64
375 2 47
375 3 19
375 4 38
375 5 23
375 6 5
375 7 69
375 8 46
375 10 19
374 2 99
374 3 94
374 5 66
374 6 48
374 7 58
374 10 33
373 1 35
373 2 53
373 4 28
373 5 24
373 6 75
373 7 81
373 8 15
373 10 50
372 1 88
372 2 95
372 3 50
372 5 11
372 6 11
372 7 1
372 8 28
372 10 81
371 1 67
371 2 82
371 3 99
371 4 93
371 5 70
371 7 19
371 8 7
370 1 42
370 2 81
370 3 55
370 4 94
370 5 74
370 6 58
370 7 41
370 8 47
370 10 3
369 1 22
369 2 97
369 3 40
369 4 10
369 5 40
369 6 13
369 7 87
369 8 89
369 10 91
368 1 3
368 2 84
368 3 39
368 4 18
368 5 24
368 6 47
368 7 30
368 8 87
368 10 13
367 1 58
367 2 33
367 3 12
367 4 23
367 5 62
367 6 80
367 7 61
367 8 58
367 10 46
366 1 49
366 2 32
366 3 55
366 4 65
366 5 51
366 6 15
366 7 80
366 8 83
366 10 84
365 1 28
365 2 78
365 3 71
365 4 35
365 5 82
365 6 62
365 7 65
365 8 35
365 10 24
364 1 88
364 2 21
364 3 52
364 4 2
364 5 28
364 6 2
364 7 6
364 8 35
364 10 56
363 1 80
363 2 81
363 3 6
363 4 98
363 5 76
363 6 99
363 7 9
363 8 9
363 10 51
362 1 41
362 2 97
362 3 31
362 5 49
362 6 55
362 7 26
362 8 49
362 10 29
361 1 65
361 2 72
361 3 82
361 4 26
361 5 1
361 6 48
361 7 81
361 8 28
361 10 84
360 1 82
360 2 6
360 3 19
360 4 23
360 5 84
360 6 33
360 7 43
360 8 62
360 10 64
359 1 7
359 2 46
359 3 94
359 4 53
359 5 20
359 6 42
359 7 12
359 8 90
359 10 4
358 1 72
358 2 19
358 3 22
358 4 69
358 5 90
358 6 10
358 7 20
358 8 45
358 10 27
357 1 39
357 2 88
357 3 65
357 4 17
357 5 67
357 6 83
357 7 99
357 8 7
357 10 71
356 1 70
356 3 54
356 5 79
356 6 6
356 7 81
356 8 54
356 10 44
355 1 45
355 2 41
355 3 47
355 4 46
355 5 10
355 6 8
355 7 43
355 8 79
355 10 10
354 1 35
354 2 74
354 3 8
354 4 14
354 5 53
354 6 89
354 7 89
354 8 58
354 10 90
353 1 81
353 2 44
353 3 85
353 5 78
353 7 70
353 8 82
353 10 59
352 1 48
352 2 19
352 3 25
352 4 16
352 5 91
352 6 56
352 7 33
352 8 29
352 10 21
351 1 61
351 2 26
351 3 91
351 4 81
351 5 61
351 6 18
351 7 13
351 8 11
351 10 13
350 1 3
350 2 86
350 3 77
350 4 28
350 5 71
350 6 4
350 7 2
350 8 74
350 10 78
349 1 2
349 2 28
349 3 67
349 4 63
349 5 77
349 6 67
349 7 11
349 8 15
349 10 96
348 1 72
348 2 23
348 3 9
348 4 46
348 5 6
348 7 12
348 10 9
347 1 10
347 2 70
347 3 37
347 4 32
347 5 96
347 6 20
347 7 64
347 8 99
347 10 13
346 1 3
346 2 26
346 3 95
346 5 84
346 7 54
346 8 67
346 10 22
345 1 92
345 2 100
345 3 16
345 4 62
345 5 30
345 6 7
345 7 34
345 8 29
345 10 99
344 1 41
344 2 42
344 3 33
344 4 92
344 5 52
344 6 51
344 7 98
344 8 6
344 10 29
343 2 99
343 3 34
343 4 68
343 5 54
343 6 24
343 7 60
343 10 5
342 1 59
342 2 25
342 3 48
342 4 49
342 5 64
342 6 58
342 7 100
342 8 13
342 10 87
341 1 19
341 2 70
341 3 20
341 4 70
341 5 25
341 6 17
341 7 46
341 8 55
341 10 9
340 1 9
340 2 85
340 3 25
340 4 68
340 5 84
340 6 58
340 7 47
340 8 86
340 10 57
339 1 50
339 2 51
339 3 78
339 4 67
339 5 94
339 6 4
339 7 46
339 8 88
339 10 61
338 1 89
338 3 31
338 4 14
338 5 6
338 6 60
338 7 49
338 8 3
338 10 21
337 1 22
337 2 63
337 3 56
337 4 99
337 6 69
337 7 36
337 8 48
337 10 4
336 1 45
336 2 55
336 3 72
336 4 74
336 5 54
336 6 45
336 7 72
336 8 84
336 10 79
335 1 93
335 2 6
335 3 10
335 4 91
335 5 79
335 6 3
335 7 32
335 8 39
335 10 39
334 1 28
334 2 94
334 4 64
334 5 18
334 6 65
334 7 71
334 8 7
334 10 63
333 1 95
333 2 93
333 3 93
333 4 94
333 5 95
333 6 98
333 7 92
333 8 99
333 10 91
332 1 13
332 2 20
332 3 17
332 4 76
332 5 33
332 6 27
332 7 36
332 8 20
332 10 82
331 1 59
331 2 28
331 3 100
331 4 92
331 5 70
331 6 30
331 7 4
331 8 53
331 10 78
330 1 33
330 2 88
330 3 78
330 4 89
330 5 55
330 6 62
330 7 32
330 8 68
330 10 4
329 1 18
329 2 46
329 3 90
329 5 22
329 6 17
329 7 28
329 8 76
329 10 94
328 1 14
328 2 35
328 3 77
328 4 68
328 5 57
328 6 87
328 7 19
328 8 9
328 10 86
327 1 73
327 2 73
327 3 53
327 4 84
327 5 26
327 6 13
327 7 71
327 8 21
327 10 66
326 1 15
326 2 86
326 4 53
326 5 44
326 6 35
326 7 88
326 8 68
326 10 90
325 1 20
325 2 65
325 3 91
325 4 56
325 6 12
325 7 69
325 8 81
325 10 77
324 1 39
324 2 74
324 3 47
324 4 62
324 5 24
324 6 65
324 7 27
324 8 15
324 10 38
323 1 69
323 3 98
323 4 36
323 5 12
323 6 46
323 7 61
323 8 77
323 10 85
322 1 53
322 2 79
322 3 21
322 4 11
322 5 35
322 8 90
322 10 51
321 1 32
321 2 96
321 3 18
321 4 20
321 5 15
321 6 20
321 7 12
321 8 51
321 10 63
320 1 53
320 2 2
320 3 80
320 4 12
320 5 1
320 6 78
320 7 18
320 8 40
320 10 58
319 1 72
319 2 23
319 3 10
319 4 31
319 5 80
319 6 35
319 7 19
319 8 91
319 10 47
318 1 42
318 2 87
318 3 80
318 4 51
318 5 61
318 6 29
318 7 26
318 8 21
318 10 52
317 1 92
317 2 7
317 3 96
317 4 77
317 5 79
317 6 69
317 7 18
317 8 97
317 10 35
316 1 78
316 2 75
316 3 94
316 4 75
316 5 34
316 6 3
316 7 24
316 8 67
316 10 21
315 1 54
315 2 71
315 3 21
315 4 49
315 5 60
315 6 98
315 7 17
315 8 72
315 10 11
314 1 11
314 2 21
314 3 66
314 4 81
314 5 59
314 6 83
314 7 39
314 8 62
314 10 32
313 1 7
313 2 50
313 3 98
313 4 53
313 5 49
313 6 46
313 7 68
313 8 41
313 10 92
312 1 18
312 2 34
312 3 4
312 4 88
312 5 77
312 6 10
312 7 56
312 8 62
312 10 56
311 1 11
311 2 55
311 3 22
311 4 76
311 5 16
311 6 4
311 7 84
311 8 34
311 10 66
310 1 46
310 2 4
310 3 58
310 4 21
310 5 16
310 6 45
310 7 17
310 10 68
309 1 12
309 2 91
309 3 62
309 4 93
309 5 86
309 6 97
309 7 73
309 8 15
309 10 55
308 1 17
308 2 7
308 3 5
308 4 44
308 5 55
308 6 46
308 7 100
308 8 87
308 10 29
307 1 14
307 2 90
307 3 29
307 4 21
307 5 19
307 6 11
307 7 3
307 8 42
307 10 89
306 1 98
306 2 98
306 3 18
306 4 5
306 5 15
306 6 80
306 7 19
306 8 19
306 10 50
305 1 83
305 2 17
305 3 32
305 4 66
305 5 15
305 6 66
305 7 75
305 8 90
305 10 75
304 1 34
304 2 54
304 3 70
304 4 27
304 5 33
304 6 91
304 7 63
304 8 81
304 10 4
303 1 88
303 2 40
303 3 57
303 4 4
303 5 98
303 6 90
303 7 72
303 8 76
303 10 42
302 1 3
302 2 49
302 3 43
302 4 40
302 5 3
302 6 18
302 7 69
302 8 80
302 10 52
301 1 53
301 2 21
301 3 5
301 4 91
301 6 74
301 7 1
301 8 34
301 10 16
300 1 23
300 2 54
300 3 12
300 4 64
300 5 1
300 6 70
300 7 78
300 8 74
300 10 2
299 1 96
299 2 100
299 3 92
299 4 92
299 5 97
299 6 71
299 7 26
299 8 27
299 10 2
298 1 7
298 2 6
298 3 33
298 4 60
298 5 90
298 6 6
298 7 25
298 8 42
298 10 61
297 1 2
297 2 78
297 3 83
297 4 84
297 5 36
297 6 31
297 7 73
297 8 89
297 10 75
296 2 38
296 4 94
296 5 7
296 6 10
296 7 98
296 8 75
296 10 79
295 1 72
295 2 12
295 3 85
295 4 71
295 5 24
295 6 90
295 7 26
295 8 9
295 10 18
294 1 35
294 2 41
294 3 52
294 4 64
294 5 29
294 6 45
294 7 11
294 8 48
293 2 11
293 3 27
293 4 71
293 5 43
293 7 7
293 8 80
293 10 32
292 1 76
292 2 26
292 3 14
292 4 48
292 5 27
292 6 33
292 7 8
292 8 32
292 10 69
291 1 7
291 2 10
291 3 9
291 4 60
291 5 65
291 6 20
291 7 37
291 8 5
291 10 77
290 1 29
290 2 13
290 3 14
290 4 79
290 5 22
290 7 57
290 8 9
290 10 93
289 2 35
289 3 8
289 4 35
289 5 73
289 6 19
289 7 72
289 8 28
288 1 57
288 2 54
288 3 78
288 4 29
288 5 93
288 6 34
288 7 100
288 10 61
287 1 54
287 2 71
287 3 24
287 4 39
287 5 40
287 6 16
287 7 98
287 8 51
287 10 95
286 2 22
286 3 57
286 4 21
286 6 38
286 7 13
286 8 20
286 10 20
285 1 62
285 2 100
285 3 28
285 4 50
285 5 68
285 6 2
285 7 97
285 8 60
285 10 34
284 1 47
284 2 7
284 3 92
284 4 68
284 5 3
284 6 58
284 7 75
284 8 65
284 10 67
283 1 53
283 2 31
283 3 73
283 4 52
283 5 26
283 6 80
283 10 28
282 1 46
282 2 42
282 3 20
282 4 60
282 5 17
282 6 52
282 7 28
282 10 9
281 1 68
281 2 85
281 3 79
281 4 46
281 5 43
281 6 76
281 7 52
281 8 5
281 10 79
280 1 41
280 2 31
280 3 23
280 4 17
280 5 36
280 6 67
280 7 62
280 8 26
280 10 50
279 1 23
279 2 46
279 3 61
279 4 5
279 5 28
279 6 62
279 7 28
279 8 50
279 10 8
278 1 19
278 3 36
278 4 32
278 5 98
278 6 5
278 7 90
278 8 83
278 10 9
277 1 23
277 2 85
277 4 25
277 5 69
277 6 37
277 7 30
277 8 47
277 10 45
276 1 4
276 2 24
276 3 33
276 4 28
276 5 17
276 6 95
276 7 55
276 8 67
276 10 64
275 1 95
275 2 98
275 3 26
275 4 87
275 5 13
275 6 45
275 7 65
275 8 95
275 10 83
274 1 16
274 2 97
274 3 54
274 4 72
274 6 43
274 7 91
274 8 74
274 10 90
273 1 53
273 2 75
273 3 3
273 4 93
273 5 63
273 6 90
273 7 2
273 8 76
273 10 22
272 1 63
272 2 15
272 3 53
272 4 78
272 5 20
272 6 65
272 8 44
271 1 23
271 2 70
271 3 67
271 4 29
271 5 50
271 7 54
271 8 24
271 10 59
270 1 45
270 2 78
270 3 15
270 4 90
270 5 80
270 6 75
270 7 92
270 8 32
270 10 73
269 1 6
269 2 36
269 3 54
269 4 94
269 5 79
269 6 11
269 7 77
269 8 13
269 10 82
268 1 82
268 2 92
268 3 100
268 4 6
268 5 3
268 6 68
268 7 13
268 8 76
268 10 24
267 1 3
267 2 6
267 3 43
267 4 88
267 5 100
267 6 76
267 7 9
267 8 100
267 10 8
266 1 20
266 2 80
266 3 22
266 4 45
266 5 44
266 6 24
266 7 70
266 8 19
266 10 53
265 1 79
265 2 45
265 3 92
265 4 59
265 5 14
265 6 82
265 7 86
265 8 63
265 10 79
264 1 75
264 2 51
264 4 48
264 5 24
264 6 15
264 7 92
264 8 30
264 10 60
263 1 25
263 2 43
263 3 14
263 4 57
263 5 3
263 6 93
263 7 12
263 8 56
263 10 18
262 1 12
262 2 93
262 3 60
262 4 24
262 5 12
262 6 29
262 7 4
262 8 31
262 10 34
261 1 29
261 2 57
261 3 15
261 4 29
261 5 1
261 6 63
261 7 90
261 8 90
261 10 94
260 1 3
260 2 53
260 3 65
260 4 90
260 5 62
260 6 33
260 7 15
260 8 4
260 10 70
259 1 74
259 2 87
259 3 92
259 4 14
259 5 67
259 6 82
259 7 56
259 8 77
259 10 68
258 1 63
258 2 96
258 3 78
258 4 78
258 5 96
258 6 27
258 7 33
258 8 17
258 10 11
257 1 17
257 2 35
257 3 60
257 4 72
257 5 74
257 6 75
257 7 16
257 8 28
257 10 21
256 1 40
256 2 76
256 3 48
256 4 97
256 5 83
256 6 20
256 7 58
256 8 62
255 1 30
255 2 70
255 3 45
255 4 43
255 5 73
255 6 62
255 7 83
255 8 74
255 10 84
254 1 10
254 2 58
254 3 18
254 4 37
254 5 67
254 6 4
254 7 1
254 8 97
254 10 45
253 1 6
253 2 6
253 3 96
253 4 98
253 5 35
253 6 19
253 7 44
253 8 4
253 10 57
252 1 28
252 2 48
252 3 28
252 4 42
252 5 77
252 6 39
252 7 19
252 8 92
252 10 71
251 1 11
251 2 28
251 3 49
251 4 61
251 5 37
251 6 85
251 7 37
251 8 59
251 10 41
250 1 94
250 2 20
250 3 71
250 4 81
250 5 74
250 6 12
250 7 8
250 8 90
250 10 57
249 1 74
249 2 89
249 3 25
249 4 48
249 5 95
249 6 41
249 7 49
249 8 46
249 10 55
248 1 85
248 2 41
248 3 36
248 4 63
248 5 11
248 6 95
248 7 19
248 8 37
248 10 75
247 1 59
247 2 22
247 3 70
247 4 88
247 5 10
247 6 51
247 7 29
247 8 18
247 10 58
246 1 99
246 2 94
246 3 92
246 4 90
246 5 81
246 6 73
246 7 89
246 8 4
246 10 17
245 1 84
245 2 17
245 3 61
245 4 18
245 5 55
245 6 95
245 7 62
245 8 98
245 10 42
244 1 44
244 2 50
244 3 50
244 4 14
244 5 50
244 6 81
244 7 7
244 8 35
243 1 75
243 2 93
243 3 44
243 4 14
243 5 3
243 6 97
243 7 64
243 10 75
242 1 50
242 2 22
242 3 2
242 4 96
242 5 71
242 6 12
242 7 19
242 8 22
242 10 21
241 1 53
241 2 40
241 4 69
241 6 54
241 7 14
241 8 31
241 10 59
240 1 28
240 2 81
240 3 29
240 4 58
240 6 59
240 7 71
240 8 2
239 1 88
239 2 34
239 3 75
239 4 84
239 5 91
239 6 45
239 7 54
239 8 36
239 10 20
238 1 41
238 2 57
238 3 60
238 4 92
238 5 65
238 6 36
238 7 67
238 8 42
238 10 15
237 1 78
237 2 16
237 3 80
237 4 86
237 5 74
237 6 63
237 7 6
237 8 94
237 10 8
236 1 80
236 2 14
236 3 4
236 4 94
236 5 19
236 6 54
236 7 12
236 8 64
236 10 87
235 1 23
235 2 30
235 3 63
235 4 62
235 5 81
235 6 83
235 7 2
235 8 83
235 10 62
234 1 30
234 2 1
234 3 46
234 4 59
234 5 38
234 6 75
234 7 8
234 8 17
234 10 87
233 1 93
233 2 46
233 3 56
233 4 69
233 5 42
233 6 78
233 7 53
233 8 85
233 10 68
232 1 75
232 2 6
232 3 76
232 4 47
232 5 34
232 6 44
232 7 18
232 10 29
231 1 3
231 2 91
231 3 52
231 4 85
231 5 71
231 6 66
231 7 25
231 8 53
231 10 57
230 1 68
230 2 71
230 3 18
230 4 86
230 5 37
230 6 73
230 7 82
230 8 32
229 1 12
229 3 35
229 4 60
229 5 76
229 6 46
229 7 26
229 8 55
229 10 58
228 1 80
228 2 74
228 3 26
228 4 60
228 5 58
228 6 35
228 7 53
228 8 55
228 10 65
227 1 3
227 2 64
227 3 8
227 5 75
227 6 59
227 7 78
227 8 80
227 10 18
226 1 55
226 2 82
226 3 36
226 4 10
226 5 19
226 6 60
226 7 90
226 8 63
226 10 67
225 1 52
225 3 37
225 4 33
225 5 40
225 6 81
225 7 33
225 8 63
225 10 46
224 1 46
224 2 4
224 3 59
224 4 56
224 5 15
224 6 67
224 7 86
224 8 28
224 10 90
223 1 40
223 2 70
223 3 76
223 4 13
223 5 40
223 6 33
223 7 84
223 8 8
223 10 49
222 1 52
222 2 65
222 3 28
222 4 37
222 5 48
222 6 84
222 7 82
222 8 94
222 10 68
221 1 74
221 2 65
221 4 98
221 5 61
221 6 31
221 7 37
221 8 52
221 10 37
220 1 96
220 2 22
220 3 76
220 5 18
220 6 23
220 7 73
220 10 75
219 1 36
219 2 54
219 3 12
219 4 74
219 5 90
219 6 67
219 7 74
219 8 13
219 10 68
218 1 30
218 2 79
218 3 52
218 4 72
218 5 28
218 6 91
218 7 27
218 8 21
218 10 26
217 1 89
217 2 39
217 3 4
217 4 21
217 5 70
217 6 6
217 7 11
217 8 28
217 10 62
216 1 1
216 2 84
216 3 13
216 4 23
216 6 29
216 8 32
216 10 58
215 1 78
215 2 74
215 3 31
215 4 3
215 5 2
215 6 12
215 7 56
215 8 96
215 10 96
214 1 49
214 2 50
214 3 4
214 4 3
214 5 13
214 6 11
214 7 56
214 8 44
214 10 2
213 1 59
213 2 78
213 3 59
213 4 1
213 5 65
213 6 97
213 7 90
213 8 91
213 10 97
212 1 80
212 3 90
212 5 52
212 6 53
212 8 38
212 10 64
211 1 83
211 2 41
211 3 41
211 5 68
211 6 39
211 7 31
211 8 86
211 10 70
210 2 60
210 3 23
210 4 15
210 5 40
210 6 69
210 7 50
210 8 91
210 10 64
209 1 57
209 2 39
209 3 28
209 4 36
209 5 42
209 6 26
209 7 99
209 8 74
209 10 22
208 1 95
208 2 72
208 4 99
208 5 55
208 6 83
208 7 83
208 8 21
208 10 52
207 1 29
207 2 78
207 3 78
207 4 28
207 5 87
207 6 39
207 7 14
207 8 93
207 10 26
206 1 84
206 2 74
206 3 79
206 4 70
206 5 86
206 6 19
206 7 99
206 8 62
206 10 56
205 1 95
205 2 95
205 3 97
205 4 91
205 5 56
205 6 100
205 7 8
205 8 4
205 10 77
204 1 81
204 2 37
204 3 7
204 5 87
204 6 64
204 7 83
204 8 50
204 10 8
203 1 81
203 2 34
203 3 11
203 4 26
203 5 14
203 6 26
203 7 81
203 8 78
203 10 21
202 1 42
202 2 40
202 3 4
202 5 97
202 6 66
202 8 14
202 10 50
201 1 93
201 2 20
201 3 39
201 4 57
201 5 83
201 7 31
201 8 64
201 10 86
200 1 59
200 2 60
200 3 10
200 4 32
200 5 42
200 6 38
200 8 3
200 10 88
199 1 87
199 2 23
199 3 90
199 4 31
199 5 64
199 6 14
199 7 59
199 8 55
199 10 43
198 1 58
198 2 22
198 3 96
198 4 88
198 5 21
198 6 50
198 7 15
198 8 26
198 10 44
197 1 34
197 2 87
197 3 36
197 4 70
197 5 8
197 6 35
197 7 58
197 8 80
197 10 1
196 2 37
196 3 6
196 4 61
196 5 17
196 6 98
196 7 39
196 8 55
196 10 27
195 1 91
195 2 8
195 3 25
195 4 5
195 5 95
195 6 36
195 7 32
195 8 84
195 10 89
194 1 64
194 2 87
194 3 95
194 4 44
194 5 53
194 6 19
194 7 90
194 8 64
194 10 94
193 1 38
193 2 98
193 3 57
193 4 74
193 6 33
193 7 21
193 8 38
193 10 77
192 1 13
192 2 63
192 3 25
192 4 30
192 5 36
192 6 99
192 8 80
192 10 7
191 1 22
191 2 86
191 3 24
191 4 99
191 5 40
191 7 24
191 8 92
191 10 68
190 1 77
190 2 14
190 3 56
190 4 37
190 5 96
190 7 47
190 8 32
190 10 78
189 1 42
189 2 6
189 3 77
189 4 50
189 5 64
189 6 90
189 7 22
189 8 3
189 10 9
188 1 44
188 2 19
188 3 60
188 4 77
188 5 65
188 6 36
188 7 43
188 8 11
188 10 87
187 1 81
187 2 48
187 4 37
187 5 15
187 7 9
187 8 100
187 10 7
186 1 95
186 2 85
186 3 22
186 4 83
186 6 27
186 7 96
186 8 83
186 10 55
185 1 19
185 2 17
185 3 59
185 4 22
185 5 69
185 6 49
185 7 61
185 8 91
185 10 87
184 1 48
184 2 45
184 3 53
184 4 46
184 5 3
184 6 41
184 7 18
184 8 47
184 10 63
183 1 7
183 2 80
183 4 38
183 5 43
183 6 82
183 7 38
183 8 84
183 10 61
182 1 41
182 3 90
182 5 26
182 6 23
182 7 9
182 8 63
182 10 39
181 1 13
181 2 67
181 3 71
181 4 13
181 5 83
181 6 81
181 7 95
181 8 12
181 10 85
180 1 8
180 2 89
180 3 59
180 4 95
180 5 19
180 6 78
180 7 61
180 8 68
180 10 40
179 1 18
179 2 100
179 3 84
179 4 30
179 5 51
179 6 71
179 7 23
179 8 31
179 10 91
178 1 41
178 2 41
178 3 99
178 4 15
178 5 11
178 6 64
178 7 83
178 8 46
178 10 40
177 1 80
177 2 61
177 3 6
177 4 22
177 5 81
177 6 6
177 7 51
177 8 81
177 10 99
176 1 17
176 2 100
176 3 71
176 4 12
176 5 96
176 6 85
176 7 69
176 8 89
176 10 90
175 1 43
175 2 33
175 3 79
175 4 48
175 5 93
175 6 46
175 7 85
175 8 74
175 10 41
174 2 7
174 3 38
174 5 46
174 6 48
174 7 31
174 8 38
174 10 25
173 1 17
173 2 48
173 3 95
173 4 82
173 5 36
173 6 30
173 7 60
173 8 78
173 10 62
172 1 40
172 2 33
172 3 22
172 4 43
172 5 31
172 6 47
172 7 44
172 8 19
172 10 94
171 1 77
171 2 21
171 3 40
171 4 55
171 5 4
171 6 18
171 7 26
171 8 61
171 10 82
170 1 17
170 2 57
170 3 11
170 4 77
170 5 9
170 7 67
170 8 58
170 10 76
169 1 46
169 2 55
169 3 29
169 4 77
169 5 42
169 6 86
169 7 98
169 8 14
169 10 7
168 1 93
168 2 6
168 3 100
168 4 26
168 5 89
168 6 82
168 7 3
168 8 65
168 10 32
167 1 64
167 2 43
167 3 45
167 4 69
167 5 62
167 6 73
167 7 90
167 8 69
167 10 51
166 1 36
166 2 79
166 3 13
166 4 84
166 5 57
166 6 90
166 7 69
166 8 86
166 10 81
165 1 21
165 2 51
165 4 86
165 5 50
165 6 89
165 7 10
165 10 94
164 1 60
164 2 56
164 3 6
164 4 9
164 5 84
164 6 65
164 7 54
164 8 19
164 10 81
163 1 22
163 2 78
163 3 58
163 4 8
163 5 53
163 6 92
163 7 57
163 8 75
163 10 81
162 1 5
162 2 82
162 3 96
162 4 31
162 5 75
162 6 24
162 7 96
162 8 25
162 10 96
161 1 43
161 2 14
161 3 76
161 4 98
161 5 22
161 6 86
161 7 40
161 8 57
161 10 59
160 1 94
160 2 34
160 3 46
160 4 94
160 5 17
160 6 22
160 7 48
160 8 86
160 10 6
159 1 19
159 3 93
159 4 17
159 5 58
159 6 3
159 8 79
159 10 11
158 1 35
158 2 19
158 3 3
158 4 45
158 5 94
158 6 43
158 7 66
158 8 24
158 10 34
157 1 36
157 2 51
157 3 88
157 4 4
157 5 64
157 6 43
157 7 1
157 8 7
157 10 41
156 1 16
156 2 27
156 3 42
156 4 100
156 5 60
156 6 3
156 7 94
156 8 74
156 10 51
155 1 63
155 2 67
155 3 23
155 4 32
155 5 66
155 6 54
155 7 61
155 8 98
155 10 49
154 1 18
154 2 16
154 3 3
154 4 12
154 5 78
154 6 15
154 8 5
154 10 53
153 1 21
153 2 13
153 3 51
153 4 54
153 5 70
153 6 29
153 7 2
153 8 43
153 10 30
152 1 95
152 2 45
152 3 81
152 4 98
152 5 8
152 6 67
152 7 83
152 8 1
152 10 9
151 1 63
151 2 56
151 3 10
151 4 97
151 5 29
151 6 88
151 7 71
151 8 88
151 10 60
150 1 89
150 2 71
150 3 47
150 4 23
150 5 94
150 6 81
150 7 53
150 8 25
150 10 20
149 1 36
149 2 42
149 3 82
149 4 14
149 5 55
149 6 28
149 7 25
149 8 10
149 10 16
148 1 97
148 2 10
148 3 12
148 4 36
148 6 45
148 7 47
148 8 41
148 10 66
147 1 75
147 2 58
147 3 34
147 4 28
147 5 61
147 6 3
147 7 63
147 8 46
147 10 63
146 1 59
146 2 46
146 3 54
146 4 94
146 5 29
146 6 45
146 7 45
146 8 68
146 10 68
145 1 5
145 2 17
145 3 40
145 4 9
145 5 22
145 6 74
145 7 26
145 8 55
145 10 53
144 1 33
144 2 97
144 3 10
144 4 38
144 5 57
144 6 17
144 7 96
144 8 28
144 10 54
143 1 70
143 2 69
143 3 14
143 4 75
143 5 21
143 6 79
143 7 19
143 8 40
143 10 35
142 1 66
142 2 18
142 3 44
142 4 99
142 5 85
142 6 48
142 8 32
142 10 30
141 2 39
141 3 32
141 4 19
141 5 73
141 6 58
141 7 84
141 8 27
141 10 15
140 1 14
140 2 17
140 3 66
140 4 18
140 5 98
140 6 66
140 7 5
140 8 87
140 10 51
139 1 42
139 2 72
139 3 47
139 5 56
139 6 77
139 7 66
139 8 75
139 10 2
138 1 18
138 2 95
138 3 44
138 5 66
138 6 12
138 7 56
138 8 71
138 10 32
137 1 89
137 2 69
137 3 3
137 4 35
137 5 22
137 6 68
137 7 71
137 8 13
137 10 67
136 1 42
136 2 23
136 3 64
136 4 82
136 5 58
136 6 77
136 7 81
136 8 56
136 10 4
135 1 21
135 2 60
135 3 40
135 4 20
135 6 28
135 7 61
135 8 41
135 10 28
134 1 69
134 2 64
134 3 68
134 4 17
134 5 59
134 6 12
134 7 19
134 8 54
134 10 12
133 1 66
133 2 49
133 3 7
133 4 50
133 5 34
133 6 95
133 7 33
133 8 29
133 10 10
132 1 25
132 2 9
132 3 70
132 4 82
132 5 69
132 6 41
132 7 33
132 8 32
132 10 82
131 1 79
131 2 92
131 3 19
131 4 37
131 5 86
131 6 44
131 7 67
131 8 52
131 10 61
130 1 78
130 2 47
130 3 86
130 4 70
130 5 24
130 6 84
130 7 33
130 8 17
130 10 34
129 2 83
129 3 58
129 4 1
129 5 80
129 6 69
129 7 5
129 8 56
129 10 40
128 2 67
128 3 26
128 4 79
128 5 2
128 6 35
128 7 72
128 8 71
128 10 88
127 1 69
127 2 97
127 3 10
127 4 27
127 5 31
127 6 74
127 7 49
127 8 20
126 1 55
126 2 37
126 3 11
126 5 86
126 6 68
126 7 83
126 8 8
126 10 95
125 1 44
125 2 5
125 3 75
125 4 59
125 5 16
125 6 44
125 7 82
125 8 21
125 10 87
124 1 57
124 2 72
124 3 4
124 4 77
124 5 93
124 7 31
124 8 64
124 10 72
123 1 5
123 2 36
123 3 48
123 4 60
123 5 42
123 6 71
123 7 15
123 10 49
122 1 42
122 2 21
122 3 97
122 4 86
122 5 35
122 6 10
122 7 9
122 8 80
122 10 3
121 1 73
121 2 73
121 3 56
121 4 99
121 5 24
121 6 52
121 7 38
121 8 27
121 10 47
120 1 97
120 2 19
120 3 100
120 4 56
120 5 47
120 7 14
120 8 78
120 10 7
119 1 96
119 2 100
119 3 54
119 4 49
119 5 12
119 6 2
119 7 58
119 8 52
119 10 7
118 1 40
118 2 73
118 3 99
118 4 70
118 5 62
118 6 13
118 7 90
118 8 55
118 10 79
117 1 48
117 2 8
117 3 20
117 4 11
117 5 97
117 7 24
117 8 2
117 10 70
116 1 84
116 2 30
116 3 90
116 4 58
116 5 40
116 6 9
116 7 33
116 8 33
116 10 87
115 1 21
115 2 55
115 3 37
115 5 92
115 6 6
115 7 87
115 8 48
115 10 54
114 2 35
114 3 20
114 4 82
114 5 73
114 6 1
114 7 59
114 8 59
114 10 35
113 1 45
113 2 37
113 3 40
113 4 11
113 5 55
113 6 59
113 7 3
113 8 30
113 10 38
112 1 43
112 2 18
112 3 65
112 4 20
112 5 47
112 6 34
112 7 6
112 8 36
112 10 24
111 1 81
111 2 46
111 3 83
111 4 85
111 5 56
111 6 65
111 7 87
111 8 36
111 10 20
110 1 98
110 2 60
110 4 63
110 5 29
110 6 62
110 7 5
110 8 70
110 10 63
109 1 51
109 2 42
109 3 56
109 4 67
109 5 22
109 6 24
109 7 80
109 8 12
109 10 21
108 1 74
108 2 3
108 3 70
108 4 9
108 5 57
108 6 56
108 7 78
108 8 50
108 10 26
107 1 52
107 2 63
107 3 87
107 4 54
107 5 20
107 6 50
107 7 98
107 8 88
107 10 53
106 1 15
106 2 17
106 3 80
106 4 15
106 5 94
106 6 12
106 7 36
106 8 29
106 10 100
105 1 72
105 2 33
105 3 3
105 4 27
105 5 75
105 7 30
105 8 55
105 10 32
104 1 34
104 2 58
104 3 5
104 4 29
104 5 54
104 6 43
104 7 91
104 8 28
104 10 32
103 1 51
103 2 54
103 3 53
103 4 57
103 5 97
103 6 58
103 7 76
103 8 84
103 10 100
102 1 89
102 2 41
102 3 84
102 4 81
102 5 30
102 6 46
102 7 87
102 8 14
102 10 92
101 1 23
101 2 53
101 4 50
101 5 3
101 6 38
101 7 56
101 8 16
101 10 84
100 1 35
100 2 25
100 3 78
100 4 9
100 5 27
100 6 9
100 7 36
100 8 1
100 10 54
99 1 11
99 2 74
99 3 20
99 4 96
99 5 74
99 6 89
99 7 100
99 8 95
98 1 90
98 2 41
98 3 89
98 4 83
98 5 24
98 6 17
98 7 6
98 8 19
98 10 25
97 1 4
97 2 45
97 3 85
97 4 66
97 5 8
97 6 85
97 7 95
97 8 72
97 10 4
96 1 68
96 2 61
96 3 87
96 4 48
96 5 70
96 6 29
96 7 36
96 8 25
96 10 51
95 1 19
95 2 74
95 3 92
95 4 75
95 5 78
95 6 28
95 7 62
95 8 68
95 10 80
94 1 94
94 2 68
94 3 44
94 5 36
94 6 61
94 7 16
94 8 16
94 10 63
93 1 69
93 2 44
93 3 91
93 4 57
93 5 81
93 6 89
93 7 29
93 8 46
92 1 27
92 2 6
92 3 5
92 4 97
92 5 40
92 6 15
92 7 50
92 8 99
92 10 69
91 1 86
91 2 51
91 3 40
91 4 74
91 5 82
91 6 18
91 7 91
91 8 43
91 10 10
90 1 24
90 2 6
90 3 38
90 5 98
90 6 9
90 7 28
90 8 59
90 10 69
89 1 73
89 2 2
89 3 94
89 4 54
89 5 27
89 6 83
89 7 54
89 8 28
89 10 31
88 1 16
88 2 59
88 3 35
88 4 74
88 5 21
88 6 1
88 7 27
88 8 78
88 10 98
87 1 12
87 2 67
87 3 76
87 4 87
87 5 34
87 6 95
87 7 90
87 8 20
87 10 69
86 1 87
86 2 67
86 3 82
86 4 45
86 5 61
86 6 89
86 7 53
86 10 68
85 1 22
85 2 38
85 3 5
85 5 95
85 7 22
85 8 56
85 10 88
84 1 92
84 2 49
84 3 77
84 4 93
84 5 44
84 6 91
84 7 89
84 8 93
84 10 92
83 1 31
83 2 5
83 3 90
83 4 40
83 5 63
83 7 100
83 8 11
83 10 21
82 1 56
82 2 88
82 3 36
82 4 85
82 5 12
82 6 85
82 7 14
82 8 80
82 10 74
81 1 57
81 2 42
81 3 43
81 4 74
81 5 91
81 7 66
81 10 74
80 1 47
80 2 65
80 3 10
80 4 44
80 5 41
80 6 39
80 7 59
80 8 76
80 10 7
79 1 78
79 2 55
79 3 67
79 4 92
79 5 33
79 6 64
79 7 10
79 8 9
79 10 4
78 1 49
78 2 82
78 3 40
78 4 21
78 5 4
78 6 75
78 7 48
78 8 59
78 10 63
77 1 43
77 2 81
77 3 41
77 4 26
77 5 27
77 6 89
77 7 32
77 8 81
77 10 26
76 1 95
76 2 2
76 3 94
76 4 85
76 5 30
76 6 43
76 7 69
76 8 73
76 10 16
75 1 49
75 3 51
75 4 71
75 5 45
75 6 99
75 7 67
75 8 39
75 10 3
74 1 60
74 2 2
74 3 20
74 4 49
74 6 77
74 7 35
74 8 73
74 10 85
73 1 61
73 2 31
73 3 61
73 4 81
73 5 32
73 6 5
73 7 46
73 8 82
72 1 19
72 2 21
72 3 33
72 4 21
72 5 42
72 6 52
72 7 83
72 8 45
72 10 15
71 1 47
71 2 27
71 3 8
71 4 21
71 5 12
71 6 69
71 7 83
71 8 78
71 10 82
70 1 52
70 2 45
70 3 72
70 4 3
70 5 84
70 6 69
70 7 2
70 8 37
70 10 92
69 1 66
69 2 39
69 3 91
69 4 63
69 5 55
69 7 57
69 8 93
69 10 61
68 1 40
68 2 85
68 3 16
68 4 82
68 5 24
68 6 30
68 7 5
68 8 42
68 10 79
67 1 20
67 2 34
67 3 73
67 4 100
67 5 47
67 6 10
67 7 19
67 8 19
66 1 95
66 3 9
66 4 74
66 5 41
66 6 6
66 7 8
66 10 86
65 1 73
65 2 67
65 3 27
65 4 69
65 5 46
65 6 88
65 7 17
65 8 99
65 10 32
64 1 40
64 2 97
64 3 59
64 4 35
64 5 51
64 6 86
64 7 14
64 8 36
64 10 14
63 1 38
63 2 30
63 3 14
63 4 75
63 5 85
63 7 29
63 8 49
63 10 69
62 1 24
62 2 57
62 3 68
62 4 32
62 5 72
62 6 31
62 7 100
62 8 42
62 10 33
61 1 15
61 2 30
61 3 83
61 4 59
61 5 32
61 6 79
61 7 24
61 8 23
61 10 26
60 1 69
60 2 27
60 3 20
60 4 50
60 5 74
60 6 39
60 7 93
60 8 62
60 10 86
59 1 67
59 2 90
59 3 36
59 4 71
59 5 3
59 6 4
59 7 86
59 8 64
59 10 82
58 1 69
58 2 27
58 3 49
58 4 24
58 5 9
58 6 80
58 7 46
58 8 46
58 10 90
57 1 18
57 2 93
57 3 82
57 4 88
57 5 2
57 6 70
57 7 72
57 8 68
57 10 8
56 1 38
56 2 26
56 3 78
56 4 82
56 5 46
56 6 75
56 7 29
56 8 15
56 10 90
55 1 79
55 2 11
55 3 40
55 4 83
55 5 72
55 6 27
55 7 51
55 8 1
55 10 36
54 1 78
54 2 55
54 3 83
54 4 5
54 5 26
54 6 74
54 7 92
54 8 73
54 10 96
53 1 97
53 2 32
53 4 82
53 5 54
53 6 98
53 7 97
53 8 94
53 10 25
52 1 57
52 2 39
52 3 41
52 4 86
52 5 2
52 6 91
52 7 15
52 8 11
52 10 99
51 1 48
51 2 53
51 3 10
51 4 66
51 5 15
51 6 39
51 7 14
51 8 74
51 10 96
50 1 91
50 2 67
50 3 28
50 4 52
50 5 33
50 6 63
50 7 90
50 8 76
50 10 15
49 1 5
49 2 51
49 3 58
49 4 81
49 5 51
49 6 93
49 7 33
49 8 21
49 10 49
48 1 44
48 2 75
48 3 30
48 4 16
48 5 64
48 6 55
48 7 2
48 8 46
48 10 37
47 2 3
47 3 68
47 4 85
47 5 28
47 6 29
47 7 90
47 8 18
47 10 7
46 1 18
46 2 13
46 3 35
46 4 21
46 5 4
46 6 3
46 7 28
46 8 38
46 10 15
45 1 41
45 2 89
45 3 96
45 4 71
45 6 3
45 7 63
45 8 50
45 10 67
44 1 36
44 2 71
44 3 91
44 4 37
44 5 96
44 6 97
44 7 51
44 8 1
44 10 70
43 1 71
43 2 41
43 3 3
43 4 31
43 5 73
43 6 66
43 7 52
43 10 42
42 1 54
42 2 99
42 3 81
42 4 87
42 5 15
42 6 89
42 7 16
42 8 59
42 10 71
41 1 45
41 2 5
41 3 8
41 4 21
41 5 3
41 6 74
41 8 99
41 10 95
40 1 87
40 2 51
40 3 79
40 4 10
40 5 15
40 6 45
40 7 99
40 8 16
40 10 94
39 1 75
39 2 12
39 3 81
39 4 69
39 5 77
39 6 44
39 7 41
39 8 42
39 10 62
38 2 14
38 3 44
38 4 78
38 5 28
38 7 6
38 8 93
38 10 95
37 1 66
37 2 99
37 3 68
37 4 27
37 5 19
37 6 90
37 7 37
37 8 73
37 10 26
36 1 61
36 2 15
36 3 43
36 4 100
36 5 97
36 6 28
36 7 20
36 8 72
36 10 47
35 1 16
35 3 51
35 4 62
35 5 48
35 6 21
35 7 55
35 8 59
35 10 23
34 1 75
34 2 80
34 3 33
34 5 34
34 6 33
34 7 81
34 8 19
34 10 59
33 1 28
33 2 4
33 3 91
33 4 37
33 5 80
33 7 29
33 8 92
33 10 51
32 1 82
32 2 81
32 3 65
32 4 27
32 5 82
32 6 94
32 7 76
32 8 66
31 1 12
31 2 39
31 5 43
31 6 25
31 7 81
31 8 42
31 10 77
30 1 60
30 2 33
30 3 19
30 4 14
30 5 11
30 6 62
30 7 31
30 8 74
30 10 16
29 1 1
29 2 33
29 3 86
29 4 57
29 5 22
29 6 14
29 7 1
29 8 50
29 10 6
28 1 21
28 2 56
28 3 5
28 4 23
28 5 2
28 6 54
28 7 13
28 8 6
28 10 37
27 1 72
27 2 87
27 3 78
27 4 19
27 5 74
27 6 35
27 7 20
27 8 64
27 10 30
26 1 1
26 2 83
26 3 20
26 4 25
26 5 43
26 6 70
26 7 36
26 8 100
26 10 63
25 1 12
25 2 42
25 3 62
25 4 98
25 5 73
25 6 75
25 7 53
25 8 94
25 10 7
24 1 55
24 2 22
24 3 8
24 4 93
24 5 92
24 7 39
24 8 46
24 10 1
23 1 41
23 2 18
23 3 58
23 4 31
23 5 60
23 6 90
23 7 18
23 8 47
22 1 12
22 2 86
22 3 22
22 4 30
22 5 46
22 6 22
22 7 85
22 8 68
22 10 40
21 1 58
21 2 60
21 3 74
21 4 90
21 5 81
21 6 79
21 10 32
20 2 96
20 3 74
20 4 64
20 5 37
20 6 23
20 7 96
20 10 51
19 1 56
19 2 68
19 3 41
19 4 40
19 5 49
19 6 85
19 7 100
19 8 5
18 1 20
18 2 65
18 3 40
18 4 34
18 5 51
18 6 45
18 7 54
18 8 86
18 10 1
17 1 13
17 2 95
17 3 55
17 4 40
17 5 6
17 6 50
17 7 79
17 8 6
16 1 87
16 2 62
16 3 64
16 4 3
16 5 98
16 7 43
16 8 3
16 10 24
15 1 11
15 2 52
15 3 81
15 4 82
15 5 91
15 6 87
15 7 55
15 8 74
15 10 86
14 1 12
14 2 98
14 3 96
14 4 73
14 5 69
14 6 44
14 8 5
14 10 43
13 1 21
13 2 19
13 3 14
13 4 54
13 5 95
13 6 17
13 7 78
13 8 28
13 10 75
12 2 66
12 3 23
12 4 9
12 5 7
12 6 93
12 7 66
12 8 89
12 10 54
11 1 32
11 2 45
11 3 10
11 4 21
11 5 33
11 6 28
11 7 10
11 8 68
11 10 69
10 1 15
10 2 56
10 3 23
10 4 49
10 5 48
10 6 3
10 7 26
10 8 74
10 10 20
9 1 98
9 2 95
9 3 41
9 4 12
9 5 61
9 6 27
9 7 68
9 8 15
9 10 23
8 1 87
8 2 94
8 3 85
8 4 17
8 5 5
8 6 21
8 7 42
8 8 95
8 10 86
7 2 76
7 3 71
7 4 60
7 5 48
7 6 80
7 8 3
7 10 45
6 1 40
6 2 84
6 3 86
6 4 73
6 5 59
6 7 31
6 8 58
6 10 12
5 1 76
5 2 98
5 3 98
5 4 94
5 5 81
5 6 55
5 7 50
5 8 50
5 10 2
4 2 63
4 3 85
4 4 58
4 5 75
4 6 59
4 7 54
4 8 85
4 10 11
3 1 17
3 2 19
3 3 39
3 4 77
3 5 57
3 6 47
3 7 55
3 10 82
2 1 47
2 2 13
2 4 79
2 5 85
2 6 78
2 7 5
2 8 84
2 10 73
1 1 77
1 2 93
1 3 10
1 4 41
1 5 94
1 7 50
1 8 78
1 10 90
