2860
BE 1 0 0
KI 1 0 1
BE 2 0 0
KI 2 0 2
BE 3 0 0
KI 3 0 3
BE 4 0 0
KI 4 0 4
BE 5 0 0
KI 5 0 5
BE 6 0 0
KI 6 0 6
BE 7 0 0
KI 7 0 7
BE 8 0 0
KI 8 0 8
BE 9 0 0
KI 9 0 9
BE 10 0 0
KI 10 0 10
BE 11 0 0
KI 11 0 11
BE 12 0 0
KI 12 0 12
BE 13 0 0
KI 13 0 13
BE 14 0 0
KI 14 0 14
BE 15 0 0
KI 15 0 15
BE 16 0 0
KI 16 0 16
BE 17 0 0
KI 17 0 17
BE 18 0 0
KI 18 0 18
BE 19 0 0
KI 19 0 19
BE 20 0 0
KI 20 0 20
BE 21 0 0
KI 21 0 21
BE 22 0 0
KI 22 0 22
BE 23 0 0
KI 23 0 23
BE 24 0 0
KI 24 0 24
BE 25 0 0
KI 25 0 25
BE 26 0 0
KI 26 0 26
BE 27 0 0
KI 27 0 27
BE 28 0 0
KI 28 0 28
BE 29 0 0
KI 29 0 29
BE 30 0 0
KI 30 0 30
BE 31 0 0
KI 31 0 31
BE 32 0 0
KI 32 0 32
BE 33 0 0
KI 33 0 33
BE 34 0 0
KI 34 0 34
BE 35 0 0
KI 35 0 35
BE 36 0 0
KI 36 0 36
BE 37 0 0
KI 37 0 37
BE 38 0 0
KI 38 0 38
BE 39 0 0
KI 39 0 39
BE 40 0 0
KI 40 0 40
BE 41 0 0
KI 41 0 41
BE 42 0 0
KI 42 0 42
BE 43 0 0
KI 43 0 43
BE 44 0 0
KI 44 0 44
BE 45 0 0
KI 45 0 45
BE 46 0 0
KI 46 0 46
BE 47 0 0
KI 47 0 47
BE 48 0 0
KI 48 0 48
BE 49 0 0
KI 49 0 49
BE 50 0 0
KI 50 0 50
BE 51 0 0
KI 51 0 51
BE 52 0 0
KI 52 0 52
BE 53 0 0
KI 53 0 53
BE 54 0 0
KI 54 0 54
BE 55 0 0
KI 55 0 55
BE 56 0 0
KI 56 0 56
BE 57 0 0
KI 57 0 57
BE 58 0 0
KI 58 0 58
BE 59 0 0
KI 59 0 59
BE 60 0 0
KI 60 1 0
BE 61 0 0
KI 61 1 1
BE 62 0 0
KI 62 1 2
BE 63 0 0
KI 63 1 3
BE 64 0 0
KI 64 1 4
BE 65 0 0
KI 65 1 5
BE 66 0 0
KI 66 1 6
BE 67 0 0
KI 67 1 7
BE 68 0 0
KI 68 1 8
BE 69 0 0
KI 69 1 9
BE 70 0 0
KI 70 1 10
BE 71 0 0
KI 71 1 11
BE 72 0 0
KI 72 1 12
BE 73 0 0
KI 73 1 13
BE 74 0 0
KI 74 1 14
BE 75 0 0
KI 75 1 15
BE 76 0 0
KI 76 1 16
BE 77 0 0
KI 77 1 17
BE 78 0 0
KI 78 1 18
BE 79 0 0
KI 79 1 19
BE 80 0 0
KI 80 1 20
BE 81 0 0
KI 81 1 21
BE 82 0 0
KI 82 1 22
BE 83 0 0
KI 83 1 23
BE 84 0 0
KI 84 1 24
BE 85 0 0
KI 85 1 25
BE 86 0 0
KI 86 1 26
BE 87 0 0
KI 87 1 27
BE 88 0 0
KI 88 1 28
BE 89 0 0
KI 89 1 29
BE 90 0 0
KI 90 1 30
BE 91 0 0
KI 91 1 31
BE 92 0 0
KI 92 1 32
BE 93 0 0
KI 93 1 33
BE 94 0 0
KI 94 1 34
BE 95 0 0
KI 95 1 35
BE 96 0 0
KI 96 1 36
BE 97 0 0
KI 97 1 37
BE 98 0 0
KI 98 1 38
BE 99 0 0
KI 99 1 39
BE 100 0 0
KI 100 1 40
BE 101 0 0
KI 101 1 41
BE 102 0 0
KI 102 1 42
BE 103 0 0
KI 103 1 43
BE 104 0 0
KI 104 1 44
BE 105 0 0
KI 105 1 45
BE 106 0 0
KI 106 1 46
BE 107 0 0
KI 107 1 47
BE 108 0 0
KI 108 1 48
BE 109 0 0
KI 109 1 49
BE 110 0 0
KI 110 1 50
BE 111 0 0
KI 111 1 51
BE 112 0 0
KI 112 1 52
BE 113 0 0
KI 113 1 53
BE 114 0 0
KI 114 1 54
BE 115 0 0
KI 115 1 55
BE 116 0 0
KI 116 1 56
BE 117 0 0
KI 117 1 57
BE 118 0 0
KI 118 1 58
BE 119 0 0
KI 119 1 59
BE 120 0 0
KI 120 2 0
BE 121 0 0
KI 121 2 1
BE 122 0 0
KI 122 2 2
BE 123 0 0
KI 123 2 3
BE 124 0 0
KI 124 2 4
BE 125 0 0
KI 125 2 5
BE 126 0 0
KI 126 2 6
BE 127 0 0
KI 127 2 7
BE 128 0 0
KI 128 2 8
BE 129 0 0
KI 129 2 9
BE 130 0 0
KI 130 2 10
BE 131 0 0
KI 131 2 11
BE 132 0 0
KI 132 2 12
BE 133 0 0
KI 133 2 13
BE 134 0 0
KI 134 2 14
BE 135 0 0
KI 135 2 15
BE 136 0 0
KI 136 2 16
BE 137 0 0
KI 137 2 17
BE 138 0 0
KI 138 2 18
BE 139 0 0
KI 139 2 19
BE 140 0 0
KI 140 2 20
BE 141 0 0
KI 141 2 21
BE 142 0 0
KI 142 2 22
BE 143 0 0
KI 143 2 23
BE 144 0 0
KI 144 2 24
BE 145 0 0
KI 145 2 25
BE 146 0 0
KI 146 2 26
BE 147 0 0
KI 147 2 27
BE 148 0 0
KI 148 2 28
BE 149 0 0
KI 149 2 29
BE 150 0 0
KI 150 2 30
BE 151 0 0
KI 151 2 31
BE 152 0 0
KI 152 2 32
BE 153 0 0
KI 153 2 33
BE 154 0 0
KI 154 2 34
BE 155 0 0
KI 155 2 35
BE 156 0 0
KI 156 2 36
BE 157 0 0
KI 157 2 37
BE 158 0 0
KI 158 2 38
BE 159 0 0
KI 159 2 39
BE 160 0 0
KI 160 2 40
BE 161 0 0
KI 161 2 41
BE 162 0 0
KI 162 2 42
BE 163 0 0
KI 163 2 43
BE 164 0 0
KI 164 2 44
BE 165 0 0
KI 165 2 45
BE 166 0 0
KI 166 2 46
BE 167 0 0
KI 167 2 47
BE 168 0 0
KI 168 2 48
BE 169 0 0
KI 169 2 49
BE 170 0 0
KI 170 2 50
BE 171 0 0
KI 171 2 51
BE 172 0 0
KI 172 2 52
BE 173 0 0
KI 173 2 53
BE 174 0 0
KI 174 2 54
BE 175 0 0
KI 175 2 55
BE 176 0 0
KI 176 2 56
BE 177 0 0
KI 177 2 57
BE 178 0 0
KI 178 2 58
BE 179 0 0
KI 179 2 59
BE 180 0 0
KI 180 3 0
BE 181 0 0
KI 181 3 1
BE 182 0 0
KI 182 3 2
BE 183 0 0
KI 183 3 3
BE 184 0 0
KI 184 3 4
BE 185 0 0
KI 185 3 5
BE 186 0 0
KI 186 3 6
BE 187 0 0
KI 187 3 7
BE 188 0 0
KI 188 3 8
BE 189 0 0
KI 189 3 9
BE 190 0 0
KI 190 3 10
BE 191 0 0
KI 191 3 11
BE 192 0 0
KI 192 3 12
BE 193 0 0
KI 193 3 13
BE 194 0 0
KI 194 3 14
BE 195 0 0
KI 195 3 15
BE 196 0 0
KI 196 3 16
BE 197 0 0
KI 197 3 17
BE 198 0 0
KI 198 3 18
BE 199 0 0
KI 199 3 19
BE 200 0 0
KI 200 3 20
BE 201 0 0
KI 201 3 21
BE 202 0 0
KI 202 3 22
BE 203 0 0
KI 203 3 23
BE 204 0 0
KI 204 3 24
BE 205 0 0
KI 205 3 25
BE 206 0 0
KI 206 3 26
BE 207 0 0
KI 207 3 27
BE 208 0 0
KI 208 3 28
BE 209 0 0
KI 209 3 29
BE 210 0 0
KI 210 3 30
BE 211 0 0
KI 211 3 31
BE 212 0 0
KI 212 3 32
BE 213 0 0
KI 213 3 33
BE 214 0 0
KI 214 3 34
BE 215 0 0
KI 215 3 35
BE 216 0 0
KI 216 3 36
BE 217 0 0
KI 217 3 37
BE 218 0 0
KI 218 3 38
BE 219 0 0
KI 219 3 39
BE 220 0 0
KI 220 3 40
BE 221 0 0
KI 221 3 41
BE 222 0 0
KI 222 3 42
BE 223 0 0
KI 223 3 43
BE 224 0 0
KI 224 3 44
BE 225 0 0
KI 225 3 45
BE 226 0 0
KI 226 3 46
BE 227 0 0
KI 227 3 47
BE 228 0 0
KI 228 3 48
BE 229 0 0
KI 229 3 49
BE 230 0 0
KI 230 3 50
BE 231 0 0
KI 231 3 51
BE 232 0 0
KI 232 3 52
BE 233 0 0
KI 233 3 53
BE 234 0 0
KI 234 3 54
BE 235 0 0
KI 235 3 55
BE 236 0 0
KI 236 3 56
BE 237 0 0
KI 237 3 57
BE 238 0 0
KI 238 3 58
BE 239 0 0
KI 239 3 59
BE 240 0 0
KI 240 4 0
BE 241 0 0
KI 241 4 1
BE 242 0 0
KI 242 4 2
BE 243 0 0
KI 243 4 3
BE 244 0 0
KI 244 4 4
BE 245 0 0
KI 245 4 5
BE 246 0 0
KI 246 4 6
BE 247 0 0
KI 247 4 7
BE 248 0 0
KI 248 4 8
BE 249 0 0
KI 249 4 9
BE 250 0 0
KI 250 4 10
BE 251 0 0
KI 251 4 11
BE 252 0 0
KI 252 4 12
BE 253 0 0
KI 253 4 13
BE 254 0 0
KI 254 4 14
BE 255 0 0
KI 255 4 15
BE 256 0 0
KI 256 4 16
BE 257 0 0
KI 257 4 17
BE 258 0 0
KI 258 4 18
BE 259 0 0
KI 259 4 19
BE 260 0 0
KI 260 4 20
BE 261 0 0
KI 261 4 21
BE 262 0 0
KI 262 4 22
BE 263 0 0
KI 263 4 23
BE 264 0 0
KI 264 4 24
BE 265 0 0
KI 265 4 25
BE 266 0 0
KI 266 4 26
BE 267 0 0
KI 267 4 27
BE 268 0 0
KI 268 4 28
BE 269 0 0
KI 269 4 29
BE 270 0 0
KI 270 4 30
BE 271 0 0
KI 271 4 31
BE 272 0 0
KI 272 4 32
BE 273 0 0
KI 273 4 33
BE 274 0 0
KI 274 4 34
BE 275 0 0
KI 275 4 35
BE 276 0 0
KI 276 4 36
BE 277 0 0
KI 277 4 37
BE 278 0 0
KI 278 4 38
BE 279 0 0
KI 279 4 39
BE 280 0 0
KI 280 4 40
BE 281 0 0
KI 281 4 41
BE 282 0 0
KI 282 4 42
BE 283 0 0
KI 283 4 43
BE 284 0 0
KI 284 4 44
BE 285 0 0
KI 285 4 45
BE 286 0 0
KI 286 4 46
BE 287 0 0
KI 287 4 47
BE 288 0 0
KI 288 4 48
BE 289 0 0
KI 289 4 49
BE 290 0 0
KI 290 4 50
BE 291 0 0
KI 291 4 51
BE 292 0 0
KI 292 4 52
BE 293 0 0
KI 293 4 53
BE 294 0 0
KI 294 4 54
BE 295 0 0
KI 295 4 55
BE 296 0 0
KI 296 4 56
BE 297 0 0
KI 297 4 57
BE 298 0 0
KI 298 4 58
BE 299 0 0
KI 299 4 59
BE 300 0 0
KI 300 5 0
BE 301 0 0
KI 301 5 1
BE 302 0 0
KI 302 5 2
BE 303 0 0
KI 303 5 3
BE 304 0 0
KI 304 5 4
BE 305 0 0
KI 305 5 5
BE 306 0 0
KI 306 5 6
BE 307 0 0
KI 307 5 7
BE 308 0 0
KI 308 5 8
BE 309 0 0
KI 309 5 9
BE 310 0 0
KI 310 5 10
BE 311 0 0
KI 311 5 11
BE 312 0 0
KI 312 5 12
BE 313 0 0
KI 313 5 13
BE 314 0 0
KI 314 5 14
BE 315 0 0
KI 315 5 15
BE 316 0 0
KI 316 5 16
BE 317 0 0
KI 317 5 17
BE 318 0 0
KI 318 5 18
BE 319 0 0
KI 319 5 19
BE 320 0 0
KI 320 5 20
BE 321 0 0
KI 321 5 21
BE 322 0 0
KI 322 5 22
BE 323 0 0
KI 323 5 23
BE 324 0 0
KI 324 5 24
BE 325 0 0
KI 325 5 25
BE 326 0 0
KI 326 5 26
BE 327 0 0
KI 327 5 27
BE 328 0 0
KI 328 5 28
BE 329 0 0
KI 329 5 29
BE 330 0 0
KI 330 5 30
BE 331 0 0
KI 331 5 31
BE 332 0 0
KI 332 5 32
BE 333 0 0
KI 333 5 33
BE 334 0 0
KI 334 5 34
BE 335 0 0
KI 335 5 35
BE 336 0 0
KI 336 5 36
BE 337 0 0
KI 337 5 37
BE 338 0 0
KI 338 5 38
BE 339 0 0
KI 339 5 39
BE 340 0 0
KI 340 5 40
BE 341 0 0
KI 341 5 41
BE 342 0 0
KI 342 5 42
BE 343 0 0
KI 343 5 43
BE 344 0 0
KI 344 5 44
BE 345 0 0
KI 345 5 45
BE 346 0 0
KI 346 5 46
BE 347 0 0
KI 347 5 47
BE 348 0 0
KI 348 5 48
BE 349 0 0
KI 349 5 49
BE 350 0 0
KI 350 5 50
BE 351 0 0
KI 351 5 51
BE 352 0 0
KI 352 5 52
BE 353 0 0
KI 353 5 53
BE 354 0 0
KI 354 5 54
BE 355 0 0
KI 355 5 55
BE 356 0 0
KI 356 5 56
BE 357 0 0
KI 357 5 57
BE 358 0 0
KI 358 5 58
BE 359 0 0
KI 359 5 59
BE 360 0 0
KI 360 6 0
BE 361 0 0
KI 361 6 1
BE 362 0 0
KI 362 6 2
BE 363 0 0
KI 363 6 3
BE 364 0 0
KI 364 6 4
BE 365 0 0
KI 365 6 5
BE 366 0 0
KI 366 6 6
BE 367 0 0
KI 367 6 7
BE 368 0 0
KI 368 6 8
BE 369 0 0
KI 369 6 9
BE 370 0 0
KI 370 6 10
BE 371 0 0
KI 371 6 11
BE 372 0 0
KI 372 6 12
BE 373 0 0
KI 373 6 13
BE 374 0 0
KI 374 6 14
BE 375 0 0
KI 375 6 15
BE 376 0 0
KI 376 6 16
BE 377 0 0
KI 377 6 17
BE 378 0 0
KI 378 6 18
BE 379 0 0
KI 379 6 19
BE 380 0 0
KI 380 6 20
BE 381 0 0
KI 381 6 21
BE 382 0 0
KI 382 6 22
BE 383 0 0
KI 383 6 23
BE 384 0 0
KI 384 6 24
BE 385 0 0
KI 385 6 25
BE 386 0 0
KI 386 6 26
BE 387 0 0
KI 387 6 27
BE 388 0 0
KI 388 6 28
BE 389 0 0
KI 389 6 29
BE 390 0 0
KI 390 6 30
BE 391 0 0
KI 391 6 31
BE 392 0 0
KI 392 6 32
BE 393 0 0
KI 393 6 33
BE 394 0 0
KI 394 6 34
BE 395 0 0
KI 395 6 35
BE 396 0 0
KI 396 6 36
BE 397 0 0
KI 397 6 37
BE 398 0 0
KI 398 6 38
BE 399 0 0
KI 399 6 39
BE 400 0 0
KI 400 6 40
BE 401 0 0
KI 401 6 41
BE 402 0 0
KI 402 6 42
BE 403 0 0
KI 403 6 43
BE 404 0 0
KI 404 6 44
BE 405 0 0
KI 405 6 45
BE 406 0 0
KI 406 6 46
BE 407 0 0
KI 407 6 47
BE 408 0 0
KI 408 6 48
BE 409 0 0
KI 409 6 49
BE 410 0 0
KI 410 6 50
BE 411 0 0
KI 411 6 51
BE 412 0 0
KI 412 6 52
BE 413 0 0
KI 413 6 53
BE 414 0 0
KI 414 6 54
BE 415 0 0
KI 415 6 55
BE 416 0 0
KI 416 6 56
BE 417 0 0
KI 417 6 57
BE 418 0 0
KI 418 6 58
BE 419 0 0
KI 419 6 59
BE 420 0 0
KI 420 7 0
BE 421 0 0
KI 421 7 1
BE 422 0 0
KI 422 7 2
BE 423 0 0
KI 423 7 3
BE 424 0 0
KI 424 7 4
BE 425 0 0
KI 425 7 5
BE 426 0 0
KI 426 7 6
BE 427 0 0
KI 427 7 7
BE 428 0 0
KI 428 7 8
BE 429 0 0
KI 429 7 9
BE 430 0 0
KI 430 7 10
BE 431 0 0
KI 431 7 11
BE 432 0 0
KI 432 7 12
BE 433 0 0
KI 433 7 13
BE 434 0 0
KI 434 7 14
BE 435 0 0
KI 435 7 15
BE 436 0 0
KI 436 7 16
BE 437 0 0
KI 437 7 17
BE 438 0 0
KI 438 7 18
BE 439 0 0
KI 439 7 19
BE 440 0 0
KI 440 7 20
BE 441 0 0
KI 441 7 21
BE 442 0 0
KI 442 7 22
BE 443 0 0
KI 443 7 23
BE 444 0 0
KI 444 7 24
BE 445 0 0
KI 445 7 25
BE 446 0 0
KI 446 7 26
BE 447 0 0
KI 447 7 27
BE 448 0 0
KI 448 7 28
BE 449 0 0
KI 449 7 29
BE 450 0 0
KI 450 7 30
BE 451 0 0
KI 451 7 31
BE 452 0 0
KI 452 7 32
BE 453 0 0
KI 453 7 33
BE 454 0 0
KI 454 7 34
BE 455 0 0
KI 455 7 35
BE 456 0 0
KI 456 7 36
BE 457 0 0
KI 457 7 37
BE 458 0 0
KI 458 7 38
BE 459 0 0
KI 459 7 39
BE 460 0 0
KI 460 7 40
BE 461 0 0
KI 461 7 41
BE 462 0 0
KI 462 7 42
BE 463 0 0
KI 463 7 43
BE 464 0 0
KI 464 7 44
BE 465 0 0
KI 465 7 45
BE 466 0 0
KI 466 7 46
BE 467 0 0
KI 467 7 47
BE 468 0 0
KI 468 7 48
BE 469 0 0
KI 469 7 49
BE 470 0 0
KI 470 7 50
BE 471 0 0
KI 471 7 51
BE 472 0 0
KI 472 7 52
BE 473 0 0
KI 473 7 53
BE 474 0 0
KI 474 7 54
BE 475 0 0
KI 475 7 55
BE 476 0 0
KI 476 7 56
BE 477 0 0
KI 477 7 57
BE 478 0 0
KI 478 7 58
BE 479 0 0
KI 479 7 59
BE 480 0 0
KI 480 8 0
BE 481 0 0
KI 481 8 1
BE 482 0 0
KI 482 8 2
BE 483 0 0
KI 483 8 3
BE 484 0 0
KI 484 8 4
BE 485 0 0
KI 485 8 5
BE 486 0 0
KI 486 8 6
BE 487 0 0
KI 487 8 7
BE 488 0 0
KI 488 8 8
BE 489 0 0
KI 489 8 9
BE 490 0 0
KI 490 8 10
BE 491 0 0
KI 491 8 11
BE 492 0 0
KI 492 8 12
BE 493 0 0
KI 493 8 13
BE 494 0 0
KI 494 8 14
BE 495 0 0
KI 495 8 15
BE 496 0 0
KI 496 8 16
BE 497 0 0
KI 497 8 17
BE 498 0 0
KI 498 8 18
BE 499 0 0
KI 499 8 19
BE 500 0 0
KI 500 8 20
BE 501 0 0
KI 501 8 21
BE 502 0 0
KI 502 8 22
BE 503 0 0
KI 503 8 23
BE 504 0 0
KI 504 8 24
BE 505 0 0
KI 505 8 25
BE 506 0 0
KI 506 8 26
BE 507 0 0
KI 507 8 27
BE 508 0 0
KI 508 8 28
BE 509 0 0
KI 509 8 29
BE 510 0 0
KI 510 8 30
BE 511 0 0
KI 511 8 31
BE 512 0 0
KI 512 8 32
BE 513 0 0
KI 513 8 33
BE 514 0 0
KI 514 8 34
BE 515 0 0
KI 515 8 35
BE 516 0 0
KI 516 8 36
BE 517 0 0
KI 517 8 37
BE 518 0 0
KI 518 8 38
BE 519 0 0
KI 519 8 39
BE 520 0 0
KI 520 8 40
BE 521 0 0
KI 521 8 41
BE 522 0 0
KI 522 8 42
BE 523 0 0
KI 523 8 43
BE 524 0 0
KI 524 8 44
BE 525 0 0
KI 525 8 45
BE 526 0 0
KI 526 8 46
BE 527 0 0
KI 527 8 47
BE 528 0 0
KI 528 8 48
BE 529 0 0
KI 529 8 49
BE 530 0 0
KI 530 8 50
BE 531 0 0
KI 531 8 51
BE 532 0 0
KI 532 8 52
BE 533 0 0
KI 533 8 53
BE 534 0 0
KI 534 8 54
BE 535 0 0
KI 535 8 55
BE 536 0 0
KI 536 8 56
BE 537 0 0
KI 537 8 57
BE 538 0 0
KI 538 8 58
BE 539 0 0
KI 539 8 59
BE 540 0 0
KI 540 9 0
BE 541 0 0
KI 541 9 1
BE 542 0 0
KI 542 9 2
BE 543 0 0
KI 543 9 3
BE 544 0 0
KI 544 9 4
BE 545 0 0
KI 545 9 5
BE 546 0 0
KI 546 9 6
BE 547 0 0
KI 547 9 7
BE 548 0 0
KI 548 9 8
BE 549 0 0
KI 549 9 9
BE 550 0 0
KI 550 9 10
BE 551 0 0
KI 551 9 11
BE 552 0 0
KI 552 9 12
BE 553 0 0
KI 553 9 13
BE 554 0 0
KI 554 9 14
BE 555 0 0
KI 555 9 15
BE 556 0 0
KI 556 9 16
BE 557 0 0
KI 557 9 17
BE 558 0 0
KI 558 9 18
BE 559 0 0
KI 559 9 19
BE 560 0 0
KI 560 9 20
BE 561 0 0
KI 561 9 21
BE 562 0 0
KI 562 9 22
BE 563 0 0
KI 563 9 23
BE 564 0 0
KI 564 9 24
BE 565 0 0
KI 565 9 25
BE 566 0 0
KI 566 9 26
BE 567 0 0
KI 567 9 27
BE 568 0 0
KI 568 9 28
BE 569 0 0
KI 569 9 29
BE 570 0 0
KI 570 9 30
BE 571 0 0
KI 571 9 31
BE 572 0 0
KI 572 9 32
BE 573 0 0
KI 573 9 33
BE 574 0 0
KI 574 9 34
BE 575 0 0
KI 575 9 35
BE 576 0 0
KI 576 9 36
BE 577 0 0
KI 577 9 37
BE 578 0 0
KI 578 9 38
BE 579 0 0
KI 579 9 39
BE 580 0 0
KI 580 9 40
BE 581 0 0
KI 581 9 41
BE 582 0 0
KI 582 9 42
BE 583 0 0
KI 583 9 43
BE 584 0 0
KI 584 9 44
BE 585 0 0
KI 585 9 45
BE 586 0 0
KI 586 9 46
BE 587 0 0
KI 587 9 47
BE 588 0 0
KI 588 9 48
BE 589 0 0
KI 589 9 49
BE 590 0 0
KI 590 9 50
BE 591 0 0
KI 591 9 51
BE 592 0 0
KI 592 9 52
BE 593 0 0
KI 593 9 53
BE 594 0 0
KI 594 9 54
BE 595 0 0
KI 595 9 55
BE 596 0 0
KI 596 9 56
BE 597 0 0
KI 597 9 57
BE 598 0 0
KI 598 9 58
BE 599 0 0
KI 599 9 59
BE 600 0 0
KI 600 10 0
BE 601 0 0
KI 601 10 1
BE 602 0 0
KI 602 10 2
BE 603 0 0
KI 603 10 3
BE 604 0 0
KI 604 10 4
BE 605 0 0
KI 605 10 5
BE 606 0 0
KI 606 10 6
BE 607 0 0
KI 607 10 7
BE 608 0 0
KI 608 10 8
BE 609 0 0
KI 609 10 9
BE 610 0 0
KI 610 10 10
BE 611 0 0
KI 611 10 11
BE 612 0 0
KI 612 10 12
BE 613 0 0
KI 613 10 13
BE 614 0 0
KI 614 10 14
BE 615 0 0
KI 615 10 15
BE 616 0 0
KI 616 10 16
BE 617 0 0
KI 617 10 17
BE 618 0 0
KI 618 10 18
BE 619 0 0
KI 619 10 19
BE 620 0 0
KI 620 10 20
BE 621 0 0
KI 621 10 21
BE 622 0 0
KI 622 10 22
BE 623 0 0
KI 623 10 23
BE 624 0 0
KI 624 10 24
BE 625 0 0
KI 625 10 25
BE 626 0 0
KI 626 10 26
BE 627 0 0
KI 627 10 27
BE 628 0 0
KI 628 10 28
BE 629 0 0
KI 629 10 29
BE 630 0 0
KI 630 10 30
BE 631 0 0
KI 631 10 31
BE 632 0 0
KI 632 10 32
BE 633 0 0
KI 633 10 33
BE 634 0 0
KI 634 10 34
BE 635 0 0
KI 635 10 35
BE 636 0 0
KI 636 10 36
BE 637 0 0
KI 637 10 37
BE 638 0 0
KI 638 10 38
BE 639 0 0
KI 639 10 39
BE 640 0 0
KI 640 10 40
BE 641 0 0
KI 641 10 41
BE 642 0 0
KI 642 10 42
BE 643 0 0
KI 643 10 43
BE 644 0 0
KI 644 10 44
BE 645 0 0
KI 645 10 45
BE 646 0 0
KI 646 10 46
BE 647 0 0
KI 647 10 47
BE 648 0 0
KI 648 10 48
BE 649 0 0
KI 649 10 49
BE 650 0 0
KI 650 10 50
BE 651 0 0
KI 651 10 51
BE 652 0 0
KI 652 10 52
BE 653 0 0
KI 653 10 53
BE 654 0 0
KI 654 10 54
BE 655 0 0
KI 655 10 55
BE 656 0 0
KI 656 10 56
BE 657 0 0
KI 657 10 57
BE 658 0 0
KI 658 10 58
BE 659 0 0
KI 659 10 59
BE 660 0 0
KI 660 11 0
BE 661 0 0
KI 661 11 1
BE 662 0 0
KI 662 11 2
BE 663 0 0
KI 663 11 3
BE 664 0 0
KI 664 11 4
BE 665 0 0
KI 665 11 5
BE 666 0 0
KI 666 11 6
BE 667 0 0
KI 667 11 7
BE 668 0 0
KI 668 11 8
BE 669 0 0
KI 669 11 9
BE 670 0 0
KI 670 11 10
BE 671 0 0
KI 671 11 11
BE 672 0 0
KI 672 11 12
BE 673 0 0
KI 673 11 13
BE 674 0 0
KI 674 11 14
BE 675 0 0
KI 675 11 15
BE 676 0 0
KI 676 11 16
BE 677 0 0
KI 677 11 17
BE 678 0 0
KI 678 11 18
BE 679 0 0
KI 679 11 19
BE 680 0 0
KI 680 11 20
BE 681 0 0
KI 681 11 21
BE 682 0 0
KI 682 11 22
BE 683 0 0
KI 683 11 23
BE 684 0 0
KI 684 11 24
BE 685 0 0
KI 685 11 25
BE 686 0 0
KI 686 11 26
BE 687 0 0
KI 687 11 27
BE 688 0 0
KI 688 11 28
BE 689 0 0
KI 689 11 29
BE 690 0 0
KI 690 11 30
BE 691 0 0
KI 691 11 31
BE 692 0 0
KI 692 11 32
BE 693 0 0
KI 693 11 33
BE 694 0 0
KI 694 11 34
BE 695 0 0
KI 695 11 35
BE 696 0 0
KI 696 11 36
BE 697 0 0
KI 697 11 37
BE 698 0 0
KI 698 11 38
BE 699 0 0
KI 699 11 39
BE 700 0 0
KI 700 11 40
BE 701 0 0
KI 701 11 41
BE 702 0 0
KI 702 11 42
BE 703 0 0
KI 703 11 43
BE 704 0 0
KI 704 11 44
BE 705 0 0
KI 705 11 45
BE 706 0 0
KI 706 11 46
BE 707 0 0
KI 707 11 47
BE 708 0 0
KI 708 11 48
BE 709 0 0
KI 709 11 49
BE 710 0 0
KI 710 11 50
BE 711 0 0
KI 711 11 51
BE 712 0 0
KI 712 11 52
BE 713 0 0
KI 713 11 53
BE 714 0 0
KI 714 11 54
BE 715 0 0
KI 715 11 55
BE 716 0 0
KI 716 11 56
BE 717 0 0
KI 717 11 57
BE 718 0 0
KI 718 11 58
BE 719 0 0
KI 719 11 59
BE 720 0 0
KI 720 12 0
BE 721 0 0
KI 721 12 1
BE 722 0 0
KI 722 12 2
BE 723 0 0
KI 723 12 3
BE 724 0 0
KI 724 12 4
BE 725 0 0
KI 725 12 5
BE 726 0 0
KI 726 12 6
BE 727 0 0
KI 727 12 7
BE 728 0 0
KI 728 12 8
BE 729 0 0
KI 729 12 9
BE 730 0 0
KI 730 12 10
BE 731 0 0
KI 731 12 11
BE 732 0 0
KI 732 12 12
BE 733 0 0
KI 733 12 13
BE 734 0 0
KI 734 12 14
BE 735 0 0
KI 735 12 15
BE 736 0 0
KI 736 12 16
BE 737 0 0
KI 737 12 17
BE 738 0 0
KI 738 12 18
BE 739 0 0
KI 739 12 19
BE 740 0 0
KI 740 12 20
BE 741 0 0
KI 741 12 21
BE 742 0 0
KI 742 12 22
BE 743 0 0
KI 743 12 23
BE 744 0 0
KI 744 12 24
BE 745 0 0
KI 745 12 25
BE 746 0 0
KI 746 12 26
BE 747 0 0
KI 747 12 27
BE 748 0 0
KI 748 12 28
BE 749 0 0
KI 749 12 29
BE 750 0 0
KI 750 12 30
BE 751 0 0
KI 751 12 31
BE 752 0 0
KI 752 12 32
BE 753 0 0
KI 753 12 33
BE 754 0 0
KI 754 12 34
BE 755 0 0
KI 755 12 35
BE 756 0 0
KI 756 12 36
BE 757 0 0
KI 757 12 37
BE 758 0 0
KI 758 12 38
BE 759 0 0
KI 759 12 39
BE 760 0 0
KI 760 12 40
BE 761 0 0
KI 761 12 41
BE 762 0 0
KI 762 12 42
BE 763 0 0
KI 763 12 43
BE 764 0 0
KI 764 12 44
BE 765 0 0
KI 765 12 45
BE 766 0 0
KI 766 12 46
BE 767 0 0
KI 767 12 47
BE 768 0 0
KI 768 12 48
BE 769 0 0
KI 769 12 49
BE 770 0 0
KI 770 12 50
BE 771 0 0
KI 771 12 51
BE 772 0 0
KI 772 12 52
BE 773 0 0
KI 773 12 53
BE 774 0 0
KI 774 12 54
BE 775 0 0
KI 775 12 55
BE 776 0 0
KI 776 12 56
BE 777 0 0
KI 777 12 57
BE 778 0 0
KI 778 12 58
BE 779 0 0
KI 779 12 59
BE 780 0 0
KI 780 13 0
BE 781 0 0
KI 781 13 1
BE 782 0 0
KI 782 13 2
BE 783 0 0
KI 783 13 3
BE 784 0 0
KI 784 13 4
BE 785 0 0
KI 785 13 5
BE 786 0 0
KI 786 13 6
BE 787 0 0
KI 787 13 7
BE 788 0 0
KI 788 13 8
BE 789 0 0
KI 789 13 9
BE 790 0 0
KI 790 13 10
BE 791 0 0
KI 791 13 11
BE 792 0 0
KI 792 13 12
BE 793 0 0
KI 793 13 13
BE 794 0 0
KI 794 13 14
BE 795 0 0
KI 795 13 15
BE 796 0 0
KI 796 13 16
BE 797 0 0
KI 797 13 17
BE 798 0 0
KI 798 13 18
BE 799 0 0
KI 799 13 19
BE 800 0 0
KI 800 13 20
BE 801 0 0
KI 801 13 21
BE 802 0 0
KI 802 13 22
BE 803 0 0
KI 803 13 23
BE 804 0 0
KI 804 13 24
BE 805 0 0
KI 805 13 25
BE 806 0 0
KI 806 13 26
BE 807 0 0
KI 807 13 27
BE 808 0 0
KI 808 13 28
BE 809 0 0
KI 809 13 29
BE 810 0 0
KI 810 13 30
BE 811 0 0
KI 811 13 31
BE 812 0 0
KI 812 13 32
BE 813 0 0
KI 813 13 33
BE 814 0 0
KI 814 13 34
BE 815 0 0
KI 815 13 35
BE 816 0 0
KI 816 13 36
BE 817 0 0
KI 817 13 37
BE 818 0 0
KI 818 13 38
BE 819 0 0
KI 819 13 39
BE 820 0 0
KI 820 13 40
BE 821 0 0
KI 821 13 41
BE 822 0 0
KI 822 13 42
BE 823 0 0
KI 823 13 43
BE 824 0 0
KI 824 13 44
BE 825 0 0
KI 825 13 45
BE 826 0 0
KI 826 13 46
BE 827 0 0
KI 827 13 47
BE 828 0 0
KI 828 13 48
BE 829 0 0
KI 829 13 49
BE 830 0 0
KI 830 13 50
BE 831 0 0
KI 831 13 51
BE 832 0 0
KI 832 13 52
BE 833 0 0
KI 833 13 53
BE 834 0 0
KI 834 13 54
BE 835 0 0
KI 835 13 55
BE 836 0 0
KI 836 13 56
BE 837 0 0
KI 837 13 57
BE 838 0 0
KI 838 13 58
BE 839 0 0
KI 839 13 59
BE 840 0 0
KI 840 14 0
BE 841 0 0
KI 841 14 1
BE 842 0 0
KI 842 14 2
BE 843 0 0
KI 843 14 3
BE 844 0 0
KI 844 14 4
BE 845 0 0
KI 845 14 5
BE 846 0 0
KI 846 14 6
BE 847 0 0
KI 847 14 7
BE 848 0 0
KI 848 14 8
BE 849 0 0
KI 849 14 9
BE 850 0 0
KI 850 14 10
BE 851 0 0
KI 851 14 11
BE 852 0 0
KI 852 14 12
BE 853 0 0
KI 853 14 13
BE 854 0 0
KI 854 14 14
BE 855 0 0
KI 855 14 15
BE 856 0 0
KI 856 14 16
BE 857 0 0
KI 857 14 17
BE 858 0 0
KI 858 14 18
BE 859 0 0
KI 859 14 19
BE 860 0 0
KI 860 14 20
BE 861 0 0
KI 861 14 21
BE 862 0 0
KI 862 14 22
BE 863 0 0
KI 863 14 23
BE 864 0 0
KI 864 14 24
BE 865 0 0
KI 865 14 25
BE 866 0 0
KI 866 14 26
BE 867 0 0
KI 867 14 27
BE 868 0 0
KI 868 14 28
BE 869 0 0
KI 869 14 29
BE 870 0 0
KI 870 14 30
BE 871 0 0
KI 871 14 31
BE 872 0 0
KI 872 14 32
BE 873 0 0
KI 873 14 33
BE 874 0 0
KI 874 14 34
BE 875 0 0
KI 875 14 35
BE 876 0 0
KI 876 14 36
BE 877 0 0
KI 877 14 37
BE 878 0 0
KI 878 14 38
BE 879 0 0
KI 879 14 39
BE 880 0 0
KI 880 14 40
BE 881 0 0
KI 881 14 41
BE 882 0 0
KI 882 14 42
BE 883 0 0
KI 883 14 43
BE 884 0 0
KI 884 14 44
BE 885 0 0
KI 885 14 45
BE 886 0 0
KI 886 14 46
BE 887 0 0
KI 887 14 47
BE 888 0 0
KI 888 14 48
BE 889 0 0
KI 889 14 49
BE 890 0 0
KI 890 14 50
BE 891 0 0
KI 891 14 51
BE 892 0 0
KI 892 14 52
BE 893 0 0
KI 893 14 53
BE 894 0 0
KI 894 14 54
BE 895 0 0
KI 895 14 55
BE 896 0 0
KI 896 14 56
BE 897 0 0
KI 897 14 57
BE 898 0 0
KI 898 14 58
BE 899 0 0
KI 899 14 59
BE 900 0 0
KI 900 15 0
BE 901 0 0
KI 901 15 1
BE 902 0 0
KI 902 15 2
BE 903 0 0
KI 903 15 3
BE 904 0 0
KI 904 15 4
BE 905 0 0
KI 905 15 5
BE 906 0 0
KI 906 15 6
BE 907 0 0
KI 907 15 7
BE 908 0 0
KI 908 15 8
BE 909 0 0
KI 909 15 9
BE 910 0 0
KI 910 15 10
BE 911 0 0
KI 911 15 11
BE 912 0 0
KI 912 15 12
BE 913 0 0
KI 913 15 13
BE 914 0 0
KI 914 15 14
BE 915 0 0
KI 915 15 15
BE 916 0 0
KI 916 15 16
BE 917 0 0
KI 917 15 17
BE 918 0 0
KI 918 15 18
BE 919 0 0
KI 919 15 19
BE 920 0 0
KI 920 15 20
BE 921 0 0
KI 921 15 21
BE 922 0 0
KI 922 15 22
BE 923 0 0
KI 923 15 23
BE 924 0 0
KI 924 15 24
BE 925 0 0
KI 925 15 25
BE 926 0 0
KI 926 15 26
BE 927 0 0
KI 927 15 27
BE 928 0 0
KI 928 15 28
BE 929 0 0
KI 929 15 29
BE 930 0 0
KI 930 15 30
BE 931 0 0
KI 931 15 31
BE 932 0 0
KI 932 15 32
BE 933 0 0
KI 933 15 33
BE 934 0 0
KI 934 15 34
BE 935 0 0
KI 935 15 35
BE 936 0 0
KI 936 15 36
BE 937 0 0
KI 937 15 37
BE 938 0 0
KI 938 15 38
BE 939 0 0
KI 939 15 39
BE 940 0 0
KI 940 15 40
BE 941 0 0
KI 941 15 41
BE 942 0 0
KI 942 15 42
BE 943 0 0
KI 943 15 43
BE 944 0 0
KI 944 15 44
BE 945 0 0
KI 945 15 45
BE 946 0 0
KI 946 15 46
BE 947 0 0
KI 947 15 47
BE 948 0 0
KI 948 15 48
BE 949 0 0
KI 949 15 49
BE 950 0 0
KI 950 15 50
BE 951 0 0
KI 951 15 51
BE 952 0 0
KI 952 15 52
BE 953 0 0
KI 953 15 53
BE 954 0 0
KI 954 15 54
BE 955 0 0
KI 955 15 55
BE 956 0 0
KI 956 15 56
BE 957 0 0
KI 957 15 57
BE 958 0 0
KI 958 15 58
BE 959 0 0
KI 959 15 59
BE 960 0 0
KI 960 16 0
BE 961 0 0
KI 961 16 1
BE 962 0 0
KI 962 16 2
BE 963 0 0
KI 963 16 3
BE 964 0 0
KI 964 16 4
BE 965 0 0
KI 965 16 5
BE 966 0 0
KI 966 16 6
BE 967 0 0
KI 967 16 7
BE 968 0 0
KI 968 16 8
BE 969 0 0
KI 969 16 9
BE 970 0 0
KI 970 16 10
BE 971 0 0
KI 971 16 11
BE 972 0 0
KI 972 16 12
BE 973 0 0
KI 973 16 13
BE 974 0 0
KI 974 16 14
BE 975 0 0
KI 975 16 15
BE 976 0 0
KI 976 16 16
BE 977 0 0
KI 977 16 17
BE 978 0 0
KI 978 16 18
BE 979 0 0
KI 979 16 19
BE 980 0 0
KI 980 16 20
BE 981 0 0
KI 981 16 21
BE 982 0 0
KI 982 16 22
BE 983 0 0
KI 983 16 23
BE 984 0 0
KI 984 16 24
BE 985 0 0
KI 985 16 25
BE 986 0 0
KI 986 16 26
BE 987 0 0
KI 987 16 27
BE 988 0 0
KI 988 16 28
BE 989 0 0
KI 989 16 29
BE 990 0 0
KI 990 16 30
BE 991 0 0
KI 991 16 31
BE 992 0 0
KI 992 16 32
BE 993 0 0
KI 993 16 33
BE 994 0 0
KI 994 16 34
BE 995 0 0
KI 995 16 35
BE 996 0 0
KI 996 16 36
BE 997 0 0
KI 997 16 37
BE 998 0 0
KI 998 16 38
BE 999 0 0
KI 999 16 39
BE 1000 0 0
KI 1000 16 40
BE 1001 0 0
KI 1001 16 41
BE 1002 0 0
KI 1002 16 42
BE 1003 0 0
KI 1003 16 43
BE 1004 0 0
KI 1004 16 44
BE 1005 0 0
KI 1005 16 45
BE 1006 0 0
KI 1006 16 46
BE 1007 0 0
KI 1007 16 47
BE 1008 0 0
KI 1008 16 48
BE 1009 0 0
KI 1009 16 49
BE 1010 0 0
KI 1010 16 50
BE 1011 0 0
KI 1011 16 51
BE 1012 0 0
KI 1012 16 52
BE 1013 0 0
KI 1013 16 53
BE 1014 0 0
KI 1014 16 54
BE 1015 0 0
KI 1015 16 55
BE 1016 0 0
KI 1016 16 56
BE 1017 0 0
KI 1017 16 57
BE 1018 0 0
KI 1018 16 58
BE 1019 0 0
KI 1019 16 59
BE 1020 0 0
KI 1020 17 0
BE 1021 0 0
KI 1021 17 1
BE 1022 0 0
KI 1022 17 2
BE 1023 0 0
KI 1023 17 3
BE 1024 0 0
KI 1024 17 4
BE 1025 0 0
KI 1025 17 5
BE 1026 0 0
KI 1026 17 6
BE 1027 0 0
KI 1027 17 7
BE 1028 0 0
KI 1028 17 8
BE 1029 0 0
KI 1029 17 9
BE 1030 0 0
KI 1030 17 10
BE 1031 0 0
KI 1031 17 11
BE 1032 0 0
KI 1032 17 12
BE 1033 0 0
KI 1033 17 13
BE 1034 0 0
KI 1034 17 14
BE 1035 0 0
KI 1035 17 15
BE 1036 0 0
KI 1036 17 16
BE 1037 0 0
KI 1037 17 17
BE 1038 0 0
KI 1038 17 18
BE 1039 0 0
KI 1039 17 19
BE 1040 0 0
KI 1040 17 20
BE 1041 0 0
KI 1041 17 21
BE 1042 0 0
KI 1042 17 22
BE 1043 0 0
KI 1043 17 23
BE 1044 0 0
KI 1044 17 24
BE 1045 0 0
KI 1045 17 25
BE 1046 0 0
KI 1046 17 26
BE 1047 0 0
KI 1047 17 27
BE 1048 0 0
KI 1048 17 28
BE 1049 0 0
KI 1049 17 29
BE 1050 0 0
KI 1050 17 30
BE 1051 0 0
KI 1051 17 31
BE 1052 0 0
KI 1052 17 32
BE 1053 0 0
KI 1053 17 33
BE 1054 0 0
KI 1054 17 34
BE 1055 0 0
KI 1055 17 35
BE 1056 0 0
KI 1056 17 36
BE 1057 0 0
KI 1057 17 37
BE 1058 0 0
KI 1058 17 38
BE 1059 0 0
KI 1059 17 39
BE 1060 0 0
KI 1060 17 40
BE 1061 0 0
KI 1061 17 41
BE 1062 0 0
KI 1062 17 42
BE 1063 0 0
KI 1063 17 43
BE 1064 0 0
KI 1064 17 44
BE 1065 0 0
KI 1065 17 45
BE 1066 0 0
KI 1066 17 46
BE 1067 0 0
KI 1067 17 47
BE 1068 0 0
KI 1068 17 48
BE 1069 0 0
KI 1069 17 49
BE 1070 0 0
KI 1070 17 50
BE 1071 0 0
KI 1071 17 51
BE 1072 0 0
KI 1072 17 52
BE 1073 0 0
KI 1073 17 53
BE 1074 0 0
KI 1074 17 54
BE 1075 0 0
KI 1075 17 55
BE 1076 0 0
KI 1076 17 56
BE 1077 0 0
KI 1077 17 57
BE 1078 0 0
KI 1078 17 58
BE 1079 0 0
KI 1079 17 59
BE 1080 0 0
KI 1080 18 0
BE 1081 0 0
KI 1081 18 1
BE 1082 0 0
KI 1082 18 2
BE 1083 0 0
KI 1083 18 3
BE 1084 0 0
KI 1084 18 4
BE 1085 0 0
KI 1085 18 5
BE 1086 0 0
KI 1086 18 6
BE 1087 0 0
KI 1087 18 7
BE 1088 0 0
KI 1088 18 8
BE 1089 0 0
KI 1089 18 9
BE 1090 0 0
KI 1090 18 10
BE 1091 0 0
KI 1091 18 11
BE 1092 0 0
KI 1092 18 12
BE 1093 0 0
KI 1093 18 13
BE 1094 0 0
KI 1094 18 14
BE 1095 0 0
KI 1095 18 15
BE 1096 0 0
KI 1096 18 16
BE 1097 0 0
KI 1097 18 17
BE 1098 0 0
KI 1098 18 18
BE 1099 0 0
KI 1099 18 19
BE 1100 0 0
KI 1100 18 20
BE 1101 0 0
KI 1101 18 21
BE 1102 0 0
KI 1102 18 22
BE 1103 0 0
KI 1103 18 23
BE 1104 0 0
KI 1104 18 24
BE 1105 0 0
KI 1105 18 25
BE 1106 0 0
KI 1106 18 26
BE 1107 0 0
KI 1107 18 27
BE 1108 0 0
KI 1108 18 28
BE 1109 0 0
KI 1109 18 29
BE 1110 0 0
KI 1110 18 30
BE 1111 0 0
KI 1111 18 31
BE 1112 0 0
KI 1112 18 32
BE 1113 0 0
KI 1113 18 33
BE 1114 0 0
KI 1114 18 34
BE 1115 0 0
KI 1115 18 35
BE 1116 0 0
KI 1116 18 36
BE 1117 0 0
KI 1117 18 37
BE 1118 0 0
KI 1118 18 38
BE 1119 0 0
KI 1119 18 39
BE 1120 0 0
KI 1120 18 40
BE 1121 0 0
KI 1121 18 41
BE 1122 0 0
KI 1122 18 42
BE 1123 0 0
KI 1123 18 43
BE 1124 0 0
KI 1124 18 44
BE 1125 0 0
KI 1125 18 45
BE 1126 0 0
KI 1126 18 46
BE 1127 0 0
KI 1127 18 47
BE 1128 0 0
KI 1128 18 48
BE 1129 0 0
KI 1129 18 49
BE 1130 0 0
KI 1130 18 50
BE 1131 0 0
KI 1131 18 51
BE 1132 0 0
KI 1132 18 52
BE 1133 0 0
KI 1133 18 53
BE 1134 0 0
KI 1134 18 54
BE 1135 0 0
KI 1135 18 55
BE 1136 0 0
KI 1136 18 56
BE 1137 0 0
KI 1137 18 57
BE 1138 0 0
KI 1138 18 58
BE 1139 0 0
KI 1139 18 59
BE 1140 0 0
KI 1140 19 0
BE 1141 0 0
KI 1141 19 1
BE 1142 0 0
KI 1142 19 2
BE 1143 0 0
KI 1143 19 3
BE 1144 0 0
KI 1144 19 4
BE 1145 0 0
KI 1145 19 5
BE 1146 0 0
KI 1146 19 6
BE 1147 0 0
KI 1147 19 7
BE 1148 0 0
KI 1148 19 8
BE 1149 0 0
KI 1149 19 9
BE 1150 0 0
KI 1150 19 10
BE 1151 0 0
KI 1151 19 11
BE 1152 0 0
KI 1152 19 12
BE 1153 0 0
KI 1153 19 13
BE 1154 0 0
KI 1154 19 14
BE 1155 0 0
KI 1155 19 15
BE 1156 0 0
KI 1156 19 16
BE 1157 0 0
KI 1157 19 17
BE 1158 0 0
KI 1158 19 18
BE 1159 0 0
KI 1159 19 19
BE 1160 0 0
KI 1160 19 20
BE 1161 0 0
KI 1161 19 21
BE 1162 0 0
KI 1162 19 22
BE 1163 0 0
KI 1163 19 23
BE 1164 0 0
KI 1164 19 24
BE 1165 0 0
KI 1165 19 25
BE 1166 0 0
KI 1166 19 26
BE 1167 0 0
KI 1167 19 27
BE 1168 0 0
KI 1168 19 28
BE 1169 0 0
KI 1169 19 29
BE 1170 0 0
KI 1170 19 30
BE 1171 0 0
KI 1171 19 31
BE 1172 0 0
KI 1172 19 32
BE 1173 0 0
KI 1173 19 33
BE 1174 0 0
KI 1174 19 34
BE 1175 0 0
KI 1175 19 35
BE 1176 0 0
KI 1176 19 36
BE 1177 0 0
KI 1177 19 37
BE 1178 0 0
KI 1178 19 38
BE 1179 0 0
KI 1179 19 39
BE 1180 0 0
KI 1180 19 40
BE 1181 0 0
KI 1181 19 41
BE 1182 0 0
KI 1182 19 42
BE 1183 0 0
KI 1183 19 43
BE 1184 0 0
KI 1184 19 44
BE 1185 0 0
KI 1185 19 45
BE 1186 0 0
KI 1186 19 46
BE 1187 0 0
KI 1187 19 47
BE 1188 0 0
KI 1188 19 48
BE 1189 0 0
KI 1189 19 49
BE 1190 0 0
KI 1190 19 50
BE 1191 0 0
KI 1191 19 51
BE 1192 0 0
KI 1192 19 52
BE 1193 0 0
KI 1193 19 53
BE 1194 0 0
KI 1194 19 54
BE 1195 0 0
KI 1195 19 55
BE 1196 0 0
KI 1196 19 56
BE 1197 0 0
KI 1197 19 57
BE 1198 0 0
KI 1198 19 58
BE 1199 0 0
KI 1199 19 59
BE 1200 0 0
KI 1200 20 0
BE 1201 0 0
KI 1201 20 1
BE 1202 0 0
KI 1202 20 2
BE 1203 0 0
KI 1203 20 3
BE 1204 0 0
KI 1204 20 4
BE 1205 0 0
KI 1205 20 5
BE 1206 0 0
KI 1206 20 6
BE 1207 0 0
KI 1207 20 7
BE 1208 0 0
KI 1208 20 8
BE 1209 0 0
KI 1209 20 9
BE 1210 0 0
KI 1210 20 10
BE 1211 0 0
KI 1211 20 11
BE 1212 0 0
KI 1212 20 12
BE 1213 0 0
KI 1213 20 13
BE 1214 0 0
KI 1214 20 14
BE 1215 0 0
KI 1215 20 15
BE 1216 0 0
KI 1216 20 16
BE 1217 0 0
KI 1217 20 17
BE 1218 0 0
KI 1218 20 18
BE 1219 0 0
KI 1219 20 19
BE 1220 0 0
KI 1220 20 20
BE 1221 0 0
KI 1221 20 21
BE 1222 0 0
KI 1222 20 22
BE 1223 0 0
KI 1223 20 23
BE 1224 0 0
KI 1224 20 24
BE 1225 0 0
KI 1225 20 25
BE 1226 0 0
KI 1226 20 26
BE 1227 0 0
KI 1227 20 27
BE 1228 0 0
KI 1228 20 28
BE 1229 0 0
KI 1229 20 29
BE 1230 0 0
KI 1230 20 30
BE 1231 0 0
KI 1231 20 31
BE 1232 0 0
KI 1232 20 32
BE 1233 0 0
KI 1233 20 33
BE 1234 0 0
KI 1234 20 34
BE 1235 0 0
KI 1235 20 35
BE 1236 0 0
KI 1236 20 36
BE 1237 0 0
KI 1237 20 37
BE 1238 0 0
KI 1238 20 38
BE 1239 0 0
KI 1239 20 39
BE 1240 0 0
KI 1240 20 40
BE 1241 0 0
KI 1241 20 41
BE 1242 0 0
KI 1242 20 42
BE 1243 0 0
KI 1243 20 43
BE 1244 0 0
KI 1244 20 44
BE 1245 0 0
KI 1245 20 45
BE 1246 0 0
KI 1246 20 46
BE 1247 0 0
KI 1247 20 47
BE 1248 0 0
KI 1248 20 48
BE 1249 0 0
KI 1249 20 49
BE 1250 0 0
KI 1250 20 50
BE 1251 0 0
KI 1251 20 51
BE 1252 0 0
KI 1252 20 52
BE 1253 0 0
KI 1253 20 53
BE 1254 0 0
KI 1254 20 54
BE 1255 0 0
KI 1255 20 55
BE 1256 0 0
KI 1256 20 56
BE 1257 0 0
KI 1257 20 57
BE 1258 0 0
KI 1258 20 58
BE 1259 0 0
KI 1259 20 59
BE 1260 0 0
KI 1260 21 0
BE 1261 0 0
KI 1261 21 1
BE 1262 0 0
KI 1262 21 2
BE 1263 0 0
KI 1263 21 3
BE 1264 0 0
KI 1264 21 4
BE 1265 0 0
KI 1265 21 5
BE 1266 0 0
KI 1266 21 6
BE 1267 0 0
KI 1267 21 7
BE 1268 0 0
KI 1268 21 8
BE 1269 0 0
KI 1269 21 9
BE 1270 0 0
KI 1270 21 10
BE 1271 0 0
KI 1271 21 11
BE 1272 0 0
KI 1272 21 12
BE 1273 0 0
KI 1273 21 13
BE 1274 0 0
KI 1274 21 14
BE 1275 0 0
KI 1275 21 15
BE 1276 0 0
KI 1276 21 16
BE 1277 0 0
KI 1277 21 17
BE 1278 0 0
KI 1278 21 18
BE 1279 0 0
KI 1279 21 19
BE 1280 0 0
KI 1280 21 20
BE 1281 0 0
KI 1281 21 21
BE 1282 0 0
KI 1282 21 22
BE 1283 0 0
KI 1283 21 23
BE 1284 0 0
KI 1284 21 24
BE 1285 0 0
KI 1285 21 25
BE 1286 0 0
KI 1286 21 26
BE 1287 0 0
KI 1287 21 27
BE 1288 0 0
KI 1288 21 28
BE 1289 0 0
KI 1289 21 29
BE 1290 0 0
KI 1290 21 30
BE 1291 0 0
KI 1291 21 31
BE 1292 0 0
KI 1292 21 32
BE 1293 0 0
KI 1293 21 33
BE 1294 0 0
KI 1294 21 34
BE 1295 0 0
KI 1295 21 35
BE 1296 0 0
KI 1296 21 36
BE 1297 0 0
KI 1297 21 37
BE 1298 0 0
KI 1298 21 38
BE 1299 0 0
KI 1299 21 39
BE 1300 0 0
KI 1300 21 40
BE 1301 0 0
KI 1301 21 41
BE 1302 0 0
KI 1302 21 42
BE 1303 0 0
KI 1303 21 43
BE 1304 0 0
KI 1304 21 44
BE 1305 0 0
KI 1305 21 45
BE 1306 0 0
KI 1306 21 46
BE 1307 0 0
KI 1307 21 47
BE 1308 0 0
KI 1308 21 48
BE 1309 0 0
KI 1309 21 49
BE 1310 0 0
KI 1310 21 50
BE 1311 0 0
KI 1311 21 51
BE 1312 0 0
KI 1312 21 52
BE 1313 0 0
KI 1313 21 53
BE 1314 0 0
KI 1314 21 54
BE 1315 0 0
KI 1315 21 55
BE 1316 0 0
KI 1316 21 56
BE 1317 0 0
KI 1317 21 57
BE 1318 0 0
KI 1318 21 58
BE 1319 0 0
KI 1319 21 59
BE 1320 0 0
KI 1320 22 0
BE 1321 0 0
KI 1321 22 1
BE 1322 0 0
KI 1322 22 2
BE 1323 0 0
KI 1323 22 3
BE 1324 0 0
KI 1324 22 4
BE 1325 0 0
KI 1325 22 5
BE 1326 0 0
KI 1326 22 6
BE 1327 0 0
KI 1327 22 7
BE 1328 0 0
KI 1328 22 8
BE 1329 0 0
KI 1329 22 9
BE 1330 0 0
KI 1330 22 10
BE 1331 0 0
KI 1331 22 11
BE 1332 0 0
KI 1332 22 12
BE 1333 0 0
KI 1333 22 13
BE 1334 0 0
KI 1334 22 14
BE 1335 0 0
KI 1335 22 15
BE 1336 0 0
KI 1336 22 16
BE 1337 0 0
KI 1337 22 17
BE 1338 0 0
KI 1338 22 18
BE 1339 0 0
KI 1339 22 19
BE 1340 0 0
KI 1340 22 20
BE 1341 0 0
KI 1341 22 21
BE 1342 0 0
KI 1342 22 22
BE 1343 0 0
KI 1343 22 23
BE 1344 0 0
KI 1344 22 24
BE 1345 0 0
KI 1345 22 25
BE 1346 0 0
KI 1346 22 26
BE 1347 0 0
KI 1347 22 27
BE 1348 0 0
KI 1348 22 28
BE 1349 0 0
KI 1349 22 29
BE 1350 0 0
KI 1350 22 30
BE 1351 0 0
KI 1351 22 31
BE 1352 0 0
KI 1352 22 32
BE 1353 0 0
KI 1353 22 33
BE 1354 0 0
KI 1354 22 34
BE 1355 0 0
KI 1355 22 35
BE 1356 0 0
KI 1356 22 36
BE 1357 0 0
KI 1357 22 37
BE 1358 0 0
KI 1358 22 38
BE 1359 0 0
KI 1359 22 39
BE 1360 0 0
KI 1360 22 40
BE 1361 0 0
KI 1361 22 41
BE 1362 0 0
KI 1362 22 42
BE 1363 0 0
KI 1363 22 43
BE 1364 0 0
KI 1364 22 44
BE 1365 0 0
KI 1365 22 45
BE 1366 0 0
KI 1366 22 46
BE 1367 0 0
KI 1367 22 47
BE 1368 0 0
KI 1368 22 48
BE 1369 0 0
KI 1369 22 49
BE 1370 0 0
KI 1370 22 50
BE 1371 0 0
KI 1371 22 51
BE 1372 0 0
KI 1372 22 52
BE 1373 0 0
KI 1373 22 53
BE 1374 0 0
KI 1374 22 54
BE 1375 0 0
KI 1375 22 55
BE 1376 0 0
KI 1376 22 56
BE 1377 0 0
KI 1377 22 57
BE 1378 0 0
KI 1378 22 58
BE 1379 0 0
KI 1379 22 59
BE 1380 0 0
KI 1380 23 0
BE 1381 0 0
KI 1381 23 1
BE 1382 0 0
KI 1382 23 2
BE 1383 0 0
KI 1383 23 3
BE 1384 0 0
KI 1384 23 4
BE 1385 0 0
KI 1385 23 5
BE 1386 0 0
KI 1386 23 6
BE 1387 0 0
KI 1387 23 7
BE 1388 0 0
KI 1388 23 8
BE 1389 0 0
KI 1389 23 9
BE 1390 0 0
KI 1390 23 10
BE 1391 0 0
KI 1391 23 11
BE 1392 0 0
KI 1392 23 12
BE 1393 0 0
KI 1393 23 13
BE 1394 0 0
KI 1394 23 14
BE 1395 0 0
KI 1395 23 15
BE 1396 0 0
KI 1396 23 16
BE 1397 0 0
KI 1397 23 17
BE 1398 0 0
KI 1398 23 18
BE 1399 0 0
KI 1399 23 19
BE 1400 0 0
KI 1400 23 20
BE 1401 0 0
KI 1401 23 21
BE 1402 0 0
KI 1402 23 22
BE 1403 0 0
KI 1403 23 23
BE 1404 0 0
KI 1404 23 24
BE 1405 0 0
KI 1405 23 25
BE 1406 0 0
KI 1406 23 26
BE 1407 0 0
KI 1407 23 27
BE 1408 0 0
KI 1408 23 28
BE 1409 0 0
KI 1409 23 29
BE 1410 0 0
KI 1410 23 30
BE 1411 0 0
KI 1411 23 31
BE 1412 0 0
KI 1412 23 32
BE 1413 0 0
KI 1413 23 33
BE 1414 0 0
KI 1414 23 34
BE 1415 0 0
KI 1415 23 35
BE 1416 0 0
KI 1416 23 36
BE 1417 0 0
KI 1417 23 37
BE 1418 0 0
KI 1418 23 38
BE 1419 0 0
KI 1419 23 39
BE 1420 0 0
KI 1420 23 40
BE 1421 0 0
KI 1421 23 41
BE 1422 0 0
KI 1422 23 42
BE 1423 0 0
KI 1423 23 43
BE 1424 0 0
KI 1424 23 44
BE 1425 0 0
KI 1425 23 45
BE 1426 0 0
KI 1426 23 46
BE 1427 0 0
KI 1427 23 47
BE 1428 0 0
KI 1428 23 48
BE 1429 0 0
KI 1429 23 49
BE 1430 0 0
KI 1430 23 50
