1000
0 0 0 100
1 11 0 100
2 22 0 100
3 33 0 100
4 44 0 100
5 55 0 100
6 66 0 100
7 77 0 100
8 88 0 100
9 99 0 100
0 0 1 99
1 11 1 99
2 22 1 99
3 33 1 99
4 44 1 99
5 55 1 99
6 66 1 99
7 77 1 99
8 88 1 99
9 99 1 99
0 0 2 98
1 11 2 98
2 22 2 98
3 33 2 98
4 44 2 98
5 55 2 98
6 66 2 98
7 77 2 98
8 88 2 98
9 99 2 98
0 0 3 97
1 11 3 97
2 22 3 97
3 33 3 97
4 44 3 97
5 55 3 97
6 66 3 97
7 77 3 97
8 88 3 97
9 99 3 97
0 0 4 96
1 11 4 96
2 22 4 96
3 33 4 96
4 44 4 96
5 55 4 96
6 66 4 96
7 77 4 96
8 88 4 96
9 99 4 96
0 0 5 95
1 11 5 95
2 22 5 95
3 33 5 95
4 44 5 95
5 55 5 95
6 66 5 95
7 77 5 95
8 88 5 95
9 99 5 95
0 0 6 94
1 11 6 94
2 22 6 94
3 33 6 94
4 44 6 94
5 55 6 94
6 66 6 94
7 77 6 94
8 88 6 94
9 99 6 94
0 0 7 93
1 11 7 93
2 22 7 93
3 33 7 93
4 44 7 93
5 55 7 93
6 66 7 93
7 77 7 93
8 88 7 93
9 99 7 93
0 0 8 92
1 11 8 92
2 22 8 92
3 33 8 92
4 44 8 92
5 55 8 92
6 66 8 92
7 77 8 92
8 88 8 92
9 99 8 92
0 0 9 91
1 11 9 91
2 22 9 91
3 33 9 91
4 44 9 91
5 55 9 91
6 66 9 91
7 77 9 91
8 88 9 91
9 99 9 91
0 0 10 90
1 11 10 90
2 22 10 90
3 33 10 90
4 44 10 90
5 55 10 90
6 66 10 90
7 77 10 90
8 88 10 90
9 99 10 90
0 0 11 89
1 11 11 89
2 22 11 89
3 33 11 89
4 44 11 89
5 55 11 89
6 66 11 89
7 77 11 89
8 88 11 89
9 99 11 89
0 0 12 88
1 11 12 88
2 22 12 88
3 33 12 88
4 44 12 88
5 55 12 88
6 66 12 88
7 77 12 88
8 88 12 88
9 99 12 88
0 0 13 87
1 11 13 87
2 22 13 87
3 33 13 87
4 44 13 87
5 55 13 87
6 66 13 87
7 77 13 87
8 88 13 87
9 99 13 87
0 0 14 86
1 11 14 86
2 22 14 86
3 33 14 86
4 44 14 86
5 55 14 86
6 66 14 86
7 77 14 86
8 88 14 86
9 99 14 86
0 0 15 85
1 11 15 85
2 22 15 85
3 33 15 85
4 44 15 85
5 55 15 85
6 66 15 85
7 77 15 85
8 88 15 85
9 99 15 85
0 0 16 84
1 11 16 84
2 22 16 84
3 33 16 84
4 44 16 84
5 55 16 84
6 66 16 84
7 77 16 84
8 88 16 84
9 99 16 84
0 0 17 83
1 11 17 83
2 22 17 83
3 33 17 83
4 44 17 83
5 55 17 83
6 66 17 83
7 77 17 83
8 88 17 83
9 99 17 83
0 0 18 82
1 11 18 82
2 22 18 82
3 33 18 82
4 44 18 82
5 55 18 82
6 66 18 82
7 77 18 82
8 88 18 82
9 99 18 82
0 0 19 81
1 11 19 81
2 22 19 81
3 33 19 81
4 44 19 81
5 55 19 81
6 66 19 81
7 77 19 81
8 88 19 81
9 99 19 81
0 0 20 80
1 11 20 80
2 22 20 80
3 33 20 80
4 44 20 80
5 55 20 80
6 66 20 80
7 77 20 80
8 88 20 80
9 99 20 80
0 0 21 79
1 11 21 79
2 22 21 79
3 33 21 79
4 44 21 79
5 55 21 79
6 66 21 79
7 77 21 79
8 88 21 79
9 99 21 79
0 0 22 78
1 11 22 78
2 22 22 78
3 33 22 78
4 44 22 78
5 55 22 78
6 66 22 78
7 77 22 78
8 88 22 78
9 99 22 78
0 0 23 77
1 11 23 77
2 22 23 77
3 33 23 77
4 44 23 77
5 55 23 77
6 66 23 77
7 77 23 77
8 88 23 77
9 99 23 77
0 0 24 76
1 11 24 76
2 22 24 76
3 33 24 76
4 44 24 76
5 55 24 76
6 66 24 76
7 77 24 76
8 88 24 76
9 99 24 76
0 0 25 75
1 11 25 75
2 22 25 75
3 33 25 75
4 44 25 75
5 55 25 75
6 66 25 75
7 77 25 75
8 88 25 75
9 99 25 75
0 0 26 74
1 11 26 74
2 22 26 74
3 33 26 74
4 44 26 74
5 55 26 74
6 66 26 74
7 77 26 74
8 88 26 74
9 99 26 74
0 0 27 73
1 11 27 73
2 22 27 73
3 33 27 73
4 44 27 73
5 55 27 73
6 66 27 73
7 77 27 73
8 88 27 73
9 99 27 73
0 0 28 72
1 11 28 72
2 22 28 72
3 33 28 72
4 44 28 72
5 55 28 72
6 66 28 72
7 77 28 72
8 88 28 72
9 99 28 72
0 0 29 71
1 11 29 71
2 22 29 71
3 33 29 71
4 44 29 71
5 55 29 71
6 66 29 71
7 77 29 71
8 88 29 71
9 99 29 71
0 0 30 70
1 11 30 70
2 22 30 70
3 33 30 70
4 44 30 70
5 55 30 70
6 66 30 70
7 77 30 70
8 88 30 70
9 99 30 70
0 0 31 69
1 11 31 69
2 22 31 69
3 33 31 69
4 44 31 69
5 55 31 69
6 66 31 69
7 77 31 69
8 88 31 69
9 99 31 69
0 0 32 68
1 11 32 68
2 22 32 68
3 33 32 68
4 44 32 68
5 55 32 68
6 66 32 68
7 77 32 68
8 88 32 68
9 99 32 68
0 0 33 67
1 11 33 67
2 22 33 67
3 33 33 67
4 44 33 67
5 55 33 67
6 66 33 67
7 77 33 67
8 88 33 67
9 99 33 67
0 0 34 66
1 11 34 66
2 22 34 66
3 33 34 66
4 44 34 66
5 55 34 66
6 66 34 66
7 77 34 66
8 88 34 66
9 99 34 66
0 0 35 65
1 11 35 65
2 22 35 65
3 33 35 65
4 44 35 65
5 55 35 65
6 66 35 65
7 77 35 65
8 88 35 65
9 99 35 65
0 0 36 64
1 11 36 64
2 22 36 64
3 33 36 64
4 44 36 64
5 55 36 64
6 66 36 64
7 77 36 64
8 88 36 64
9 99 36 64
0 0 37 63
1 11 37 63
2 22 37 63
3 33 37 63
4 44 37 63
5 55 37 63
6 66 37 63
7 77 37 63
8 88 37 63
9 99 37 63
0 0 38 62
1 11 38 62
2 22 38 62
3 33 38 62
4 44 38 62
5 55 38 62
6 66 38 62
7 77 38 62
8 88 38 62
9 99 38 62
0 0 39 61
1 11 39 61
2 22 39 61
3 33 39 61
4 44 39 61
5 55 39 61
6 66 39 61
7 77 39 61
8 88 39 61
9 99 39 61
0 0 40 60
1 11 40 60
2 22 40 60
3 33 40 60
4 44 40 60
5 55 40 60
6 66 40 60
7 77 40 60
8 88 40 60
9 99 40 60
0 0 41 59
1 11 41 59
2 22 41 59
3 33 41 59
4 44 41 59
5 55 41 59
6 66 41 59
7 77 41 59
8 88 41 59
9 99 41 59
0 0 42 58
1 11 42 58
2 22 42 58
3 33 42 58
4 44 42 58
5 55 42 58
6 66 42 58
7 77 42 58
8 88 42 58
9 99 42 58
0 0 43 57
1 11 43 57
2 22 43 57
3 33 43 57
4 44 43 57
5 55 43 57
6 66 43 57
7 77 43 57
8 88 43 57
9 99 43 57
0 0 44 56
1 11 44 56
2 22 44 56
3 33 44 56
4 44 44 56
5 55 44 56
6 66 44 56
7 77 44 56
8 88 44 56
9 99 44 56
0 0 45 55
1 11 45 55
2 22 45 55
3 33 45 55
4 44 45 55
5 55 45 55
6 66 45 55
7 77 45 55
8 88 45 55
9 99 45 55
0 0 46 54
1 11 46 54
2 22 46 54
3 33 46 54
4 44 46 54
5 55 46 54
6 66 46 54
7 77 46 54
8 88 46 54
9 99 46 54
0 0 47 53
1 11 47 53
2 22 47 53
3 33 47 53
4 44 47 53
5 55 47 53
6 66 47 53
7 77 47 53
8 88 47 53
9 99 47 53
0 0 48 52
1 11 48 52
2 22 48 52
3 33 48 52
4 44 48 52
5 55 48 52
6 66 48 52
7 77 48 52
8 88 48 52
9 99 48 52
0 0 49 51
1 11 49 51
2 22 49 51
3 33 49 51
4 44 49 51
5 55 49 51
6 66 49 51
7 77 49 51
8 88 49 51
9 99 49 51
0 0 50 50
1 11 50 50
2 22 50 50
3 33 50 50
4 44 50 50
5 55 50 50
6 66 50 50
7 77 50 50
8 88 50 50
9 99 50 50
0 0 51 49
1 11 51 49
2 22 51 49
3 33 51 49
4 44 51 49
5 55 51 49
6 66 51 49
7 77 51 49
8 88 51 49
9 99 51 49
0 0 52 48
1 11 52 48
2 22 52 48
3 33 52 48
4 44 52 48
5 55 52 48
6 66 52 48
7 77 52 48
8 88 52 48
9 99 52 48
0 0 53 47
1 11 53 47
2 22 53 47
3 33 53 47
4 44 53 47
5 55 53 47
6 66 53 47
7 77 53 47
8 88 53 47
9 99 53 47
0 0 54 46
1 11 54 46
2 22 54 46
3 33 54 46
4 44 54 46
5 55 54 46
6 66 54 46
7 77 54 46
8 88 54 46
9 99 54 46
0 0 55 45
1 11 55 45
2 22 55 45
3 33 55 45
4 44 55 45
5 55 55 45
6 66 55 45
7 77 55 45
8 88 55 45
9 99 55 45
0 0 56 44
1 11 56 44
2 22 56 44
3 33 56 44
4 44 56 44
5 55 56 44
6 66 56 44
7 77 56 44
8 88 56 44
9 99 56 44
0 0 57 43
1 11 57 43
2 22 57 43
3 33 57 43
4 44 57 43
5 55 57 43
6 66 57 43
7 77 57 43
8 88 57 43
9 99 57 43
0 0 58 42
1 11 58 42
2 22 58 42
3 33 58 42
4 44 58 42
5 55 58 42
6 66 58 42
7 77 58 42
8 88 58 42
9 99 58 42
0 0 59 41
1 11 59 41
2 22 59 41
3 33 59 41
4 44 59 41
5 55 59 41
6 66 59 41
7 77 59 41
8 88 59 41
9 99 59 41
0 0 60 40
1 11 60 40
2 22 60 40
3 33 60 40
4 44 60 40
5 55 60 40
6 66 60 40
7 77 60 40
8 88 60 40
9 99 60 40
0 0 61 39
1 11 61 39
2 22 61 39
3 33 61 39
4 44 61 39
5 55 61 39
6 66 61 39
7 77 61 39
8 88 61 39
9 99 61 39
0 0 62 38
1 11 62 38
2 22 62 38
3 33 62 38
4 44 62 38
5 55 62 38
6 66 62 38
7 77 62 38
8 88 62 38
9 99 62 38
0 0 63 37
1 11 63 37
2 22 63 37
3 33 63 37
4 44 63 37
5 55 63 37
6 66 63 37
7 77 63 37
8 88 63 37
9 99 63 37
0 0 64 36
1 11 64 36
2 22 64 36
3 33 64 36
4 44 64 36
5 55 64 36
6 66 64 36
7 77 64 36
8 88 64 36
9 99 64 36
0 0 65 35
1 11 65 35
2 22 65 35
3 33 65 35
4 44 65 35
5 55 65 35
6 66 65 35
7 77 65 35
8 88 65 35
9 99 65 35
0 0 66 34
1 11 66 34
2 22 66 34
3 33 66 34
4 44 66 34
5 55 66 34
6 66 66 34
7 77 66 34
8 88 66 34
9 99 66 34
0 0 67 33
1 11 67 33
2 22 67 33
3 33 67 33
4 44 67 33
5 55 67 33
6 66 67 33
7 77 67 33
8 88 67 33
9 99 67 33
0 0 68 32
1 11 68 32
2 22 68 32
3 33 68 32
4 44 68 32
5 55 68 32
6 66 68 32
7 77 68 32
8 88 68 32
9 99 68 32
0 0 69 31
1 11 69 31
2 22 69 31
3 33 69 31
4 44 69 31
5 55 69 31
6 66 69 31
7 77 69 31
8 88 69 31
9 99 69 31
0 0 70 30
1 11 70 30
2 22 70 30
3 33 70 30
4 44 70 30
5 55 70 30
6 66 70 30
7 77 70 30
8 88 70 30
9 99 70 30
0 0 71 29
1 11 71 29
2 22 71 29
3 33 71 29
4 44 71 29
5 55 71 29
6 66 71 29
7 77 71 29
8 88 71 29
9 99 71 29
0 0 72 28
1 11 72 28
2 22 72 28
3 33 72 28
4 44 72 28
5 55 72 28
6 66 72 28
7 77 72 28
8 88 72 28
9 99 72 28
0 0 73 27
1 11 73 27
2 22 73 27
3 33 73 27
4 44 73 27
5 55 73 27
6 66 73 27
7 77 73 27
8 88 73 27
9 99 73 27
0 0 74 26
1 11 74 26
2 22 74 26
3 33 74 26
4 44 74 26
5 55 74 26
6 66 74 26
7 77 74 26
8 88 74 26
9 99 74 26
0 0 75 25
1 11 75 25
2 22 75 25
3 33 75 25
4 44 75 25
5 55 75 25
6 66 75 25
7 77 75 25
8 88 75 25
9 99 75 25
0 0 76 24
1 11 76 24
2 22 76 24
3 33 76 24
4 44 76 24
5 55 76 24
6 66 76 24
7 77 76 24
8 88 76 24
9 99 76 24
0 0 77 23
1 11 77 23
2 22 77 23
3 33 77 23
4 44 77 23
5 55 77 23
6 66 77 23
7 77 77 23
8 88 77 23
9 99 77 23
0 0 78 22
1 11 78 22
2 22 78 22
3 33 78 22
4 44 78 22
5 55 78 22
6 66 78 22
7 77 78 22
8 88 78 22
9 99 78 22
0 0 79 21
1 11 79 21
2 22 79 21
3 33 79 21
4 44 79 21
5 55 79 21
6 66 79 21
7 77 79 21
8 88 79 21
9 99 79 21
0 0 80 20
1 11 80 20
2 22 80 20
3 33 80 20
4 44 80 20
5 55 80 20
6 66 80 20
7 77 80 20
8 88 80 20
9 99 80 20
0 0 81 19
1 11 81 19
2 22 81 19
3 33 81 19
4 44 81 19
5 55 81 19
6 66 81 19
7 77 81 19
8 88 81 19
9 99 81 19
0 0 82 18
1 11 82 18
2 22 82 18
3 33 82 18
4 44 82 18
5 55 82 18
6 66 82 18
7 77 82 18
8 88 82 18
9 99 82 18
0 0 83 17
1 11 83 17
2 22 83 17
3 33 83 17
4 44 83 17
5 55 83 17
6 66 83 17
7 77 83 17
8 88 83 17
9 99 83 17
0 0 84 16
1 11 84 16
2 22 84 16
3 33 84 16
4 44 84 16
5 55 84 16
6 66 84 16
7 77 84 16
8 88 84 16
9 99 84 16
0 0 85 15
1 11 85 15
2 22 85 15
3 33 85 15
4 44 85 15
5 55 85 15
6 66 85 15
7 77 85 15
8 88 85 15
9 99 85 15
0 0 86 14
1 11 86 14
2 22 86 14
3 33 86 14
4 44 86 14
5 55 86 14
6 66 86 14
7 77 86 14
8 88 86 14
9 99 86 14
0 0 87 13
1 11 87 13
2 22 87 13
3 33 87 13
4 44 87 13
5 55 87 13
6 66 87 13
7 77 87 13
8 88 87 13
9 99 87 13
0 0 88 12
1 11 88 12
2 22 88 12
3 33 88 12
4 44 88 12
5 55 88 12
6 66 88 12
7 77 88 12
8 88 88 12
9 99 88 12
0 0 89 11
1 11 89 11
2 22 89 11
3 33 89 11
4 44 89 11
5 55 89 11
6 66 89 11
7 77 89 11
8 88 89 11
9 99 89 11
0 0 90 10
1 11 90 10
2 22 90 10
3 33 90 10
4 44 90 10
5 55 90 10
6 66 90 10
7 77 90 10
8 88 90 10
9 99 90 10
0 0 91 9
1 11 91 9
2 22 91 9
3 33 91 9
4 44 91 9
5 55 91 9
6 66 91 9
7 77 91 9
8 88 91 9
9 99 91 9
0 0 92 8
1 11 92 8
2 22 92 8
3 33 92 8
4 44 92 8
5 55 92 8
6 66 92 8
7 77 92 8
8 88 92 8
9 99 92 8
0 0 93 7
1 11 93 7
2 22 93 7
3 33 93 7
4 44 93 7
5 55 93 7
6 66 93 7
7 77 93 7
8 88 93 7
9 99 93 7
0 0 94 6
1 11 94 6
2 22 94 6
3 33 94 6
4 44 94 6
5 55 94 6
6 66 94 6
7 77 94 6
8 88 94 6
9 99 94 6
0 0 95 5
1 11 95 5
2 22 95 5
3 33 95 5
4 44 95 5
5 55 95 5
6 66 95 5
7 77 95 5
8 88 95 5
9 99 95 5
0 0 96 4
1 11 96 4
2 22 96 4
3 33 96 4
4 44 96 4
5 55 96 4
6 66 96 4
7 77 96 4
8 88 96 4
9 99 96 4
0 0 97 3
1 11 97 3
2 22 97 3
3 33 97 3
4 44 97 3
5 55 97 3
6 66 97 3
7 77 97 3
8 88 97 3
9 99 97 3
0 0 98 2
1 11 98 2
2 22 98 2
3 33 98 2
4 44 98 2
5 55 98 2
6 66 98 2
7 77 98 2
8 88 98 2
9 99 98 2
0 0 99 1
1 11 99 1
2 22 99 1
3 33 99 1
4 44 99 1
5 55 99 1
6 66 99 1
7 77 99 1
8 88 99 1
9 99 99 1
