250 250 175 100
58 208 105 228
51 163 111 247
222 205 245 240
67 107 114 137
196 20 221 155
4 99 155 125
159 102 213 205
45 8 235 116
19 21 44 80
7 84 236 165
1 90 117 104
29 15 118 181
43 193 206 242
185 63 212 159
187 41 209 238
53 36 55 160
30 3 146 211
148 13 186 32
17 10 188 63
79 55 95 75
156 95 168 118
50 114 151 243
161 3 235 86
3 30 189 119
135 70 145 91
146 139 246 220
27 36 225 214
35 73 71 104
53 6 147 187
63 10 65 145
103 18 134 237
55 12 94 78
1 148 203 178
164 168 218 196
14 46 82 61
27 75 30 187
28 111 202 148
229 191 249 248
92 8 236 71
17 57 148 240
23 27 218 137
98 230 149 234
82 43 93 224
168 141 217 145
166 71 183 216
70 58 195 177
18 40 239 165
93 129 144 157
132 43 151 138
175 146 239 184
108 133 150 197
86 154 132 244
52 60 96 179
124 60 206 159
113 115 115 178
10 145 193 168
42 161 132 216
188 60 224 184
40 114 87 199
27 115 125 195
32 22 221 118
188 42 207 206
31 46 242 198
14 13 187 157
49 21 212 204
19 11 81 236
13 211 117 227
54 105 205 198
64 79 79 101
70 98 112 247
128 4 218 197
36 57 175 169
76 74 172 199
88 120 113 226
77 58 81 107
60 137 173 140
56 154 143 185
56 72 189 125
144 197 204 227
136 234 176 238
100 30 212 76
194 107 226 217
16 25 209 57
5 170 139 205
59 67 249 126
31 134 194 204
124 129 166 145
104 86 120 105
136 51 237 235
100 22 195 110
73 11 195 100
237 14 241 195
55 39 237 87
36 91 63 153
151 27 226 61
79 126 208 213
93 30 169 216
62 33 172 156
108 119 117 225
175 23 219 114
