500 500 120 100
164 296 478 381
65 385 489 423
400 200 428 482
277 79 301 279
2 86 231 491
80 267 196 426
82 413 456 440
226 351 298 367
164 137 174 356
278 138 473 292
11 270 490 391
184 237 188 399
304 314 492 462
53 426 83 489
146 42 296 61
286 122 492 253
297 340 359 498
222 377 340 490
76 8 376 138
352 29 454 271
66 79 463 289
267 245 376 297
236 225 441 450
1 243 426 267
199 151 317 247
207 54 418 391
59 266 355 391
4 139 126 400
163 300 213 483
113 188 239 368
287 166 446 329
308 54 315 133
189 164 398 468
97 328 245 383
117 93 342 131
1 104 379 424
339 394 380 496
40 212 172 385
239 78 378 454
225 320 487 468
284 284 309 294
211 57 470 269
53 3 165 193
169 190 380 257
428 303 440 422
400 168 411 224
354 95 394 341
92 252 212 359
164 308 432 393
236 191 486 334
168 334 387 337
142 143 182 382
199 63 216 281
118 26 134 240
123 96 125 298
6 86 405 446
24 25 495 386
405 30 497 432
255 379 472 390
71 242 115 347
246 214 411 232
1 61 442 460
167 61 305 154
13 154 226 341
316 61 360 331
449 184 452 213
110 205 472 288
146 461 193 492
50 285 375 496
372 127 457 405
49 87 233 131
188 61 491 484
40 183 391 435
246 119 484 308
336 265 363 427
35 72 183 107
324 69 347 78
8 240 478 482
137 211 249 377
245 25 476 353
296 66 449 326
42 42 436 434
120 200 322 453
256 66 330 145
85 202 423 370
213 7 488 146
3 29 94 379
7 13 110 104
393 111 493 233
100 101 204 125
65 41 379 51
20 79 451 138
188 216 300 348
104 336 110 459
123 18 246 318
14 170 363 310
117 329 411 418
369 95 472 248
90 262 203 469
445 328 460 429
