500 500 225 100
79 133 177 454
318 102 352 389
247 272 362 348
15 106 256 459
327 132 445 220
203 26 420 437
244 3 463 196
257 37 466 140
142 73 198 265
400 61 415 323
29 25 347 114
485 70 494 123
121 342 357 454
51 371 58 474
99 49 137 431
254 160 342 419
358 433 360 451
301 4 353 398
283 20 386 317
13 42 243 210
159 211 175 300
37 1 160 384
34 86 339 113
402 134 493 421
177 73 270 499
73 71 162 388
42 89 363 137
115 91 298 484
41 302 439 314
275 130 448 409
451 42 456 424
103 231 161 259
28 381 187 449
306 5 401 114
31 232 488 253
34 180 372 399
164 71 173 461
81 155 151 329
51 185 255 492
296 82 308 258
87 62 206 261
206 227 219 290
232 159 327 260
260 272 296 462
358 355 390 420
42 65 47 451
192 15 448 181
229 184 417 473
126 60 196 331
216 230 426 376
112 140 455 279
130 217 337 322
145 104 449 107
104 83 111 355
264 273 361 481
8 179 47 384
53 68 476 389
294 43 460 154
269 40 311 350
115 277 338 294
152 298 330 456
222 125 298 201
62 116 441 286
124 243 226 253
314 49 432 364
348 79 388 109
107 148 486 322
277 76 468 374
352 467 445 478
396 347 475 362
132 214 313 414
278 55 289 225
299 247 447 293
130 96 442 315
63 189 440 437
322 369 494 461
219 225 327 431
150 37 482 146
13 205 452 416
73 83 184 155
46 1 259 293
179 44 376 78
138 66 375 134
173 107 453 223
103 278 195 406
8 69 308 86
91 176 184 312
40 220 55 483
15 182 39 487
10 125 75 226
180 94 424 171
327 258 359 406
47 250 457 307
159 349 168 481
53 379 351 408
58 47 410 259
86 39 311 174
295 3 333 213
432 7 491 325
42 224 54 248
