500 500 275 100
10 19 259 369
209 211 351 492
284 311 498 324
185 236 477 275
176 93 198 181
175 15 307 105
169 105 232 410
53 227 454 378
384 50 458 466
111 121 167 333
419 372 452 500
244 45 495 285
40 4 233 195
37 76 448 80
208 353 430 372
27 314 486 402
277 108 401 272
93 38 138 432
253 261 412 303
137 223 181 328
387 108 471 120
63 167 308 466
108 43 210 287
41 184 76 210
292 378 473 423
211 322 310 446
155 212 315 254
252 94 427 333
483 82 491 340
102 172 289 418
2 2 103 348
64 37 432 390
13 340 153 401
170 46 193 204
9 327 265 451
129 41 230 395
149 179 259 432
145 51 168 201
92 110 266 289
35 359 226 444
72 133 157 414
70 281 321 361
377 144 436 173
177 217 293 291
118 70 168 265
99 72 191 488
271 173 475 219
1 81 167 287
258 55 258 289
48 167 445 489
171 73 450 386
148 52 499 212
172 184 496 282
92 352 246 416
222 42 349 493
182 272 209 344
113 16 451 380
155 429 303 436
251 383 329 412
151 99 259 114
241 24 473 487
75 36 302 226
140 29 491 323
52 9 260 281
299 131 368 347
51 61 267 403
264 175 290 326
213 6 219 359
58 42 444 384
214 126 336 149
67 73 500 307
167 71 388 293
44 60 429 378
130 117 401 161
399 193 471 426
98 190 355 358
164 262 310 382
157 45 207 209
23 393 145 430
97 100 148 391
111 227 314 386
467 66 473 100
258 120 459 415
111 123 365 378
69 308 481 443
126 109 248 166
43 61 305 403
105 42 176 416
236 97 451 158
315 278 432 299
139 67 251 414
31 182 170 222
67 405 279 465
252 320 314 443
48 44 143 311
8 380 11 466
86 197 262 218
109 336 163 462
207 58 327 191
160 216 381 362
