500 500 375 100
73 318 80 347
180 214 485 396
76 51 437 98
123 47 162 223
212 23 225 208
232 139 345 366
24 1 299 465
139 398 226 444
289 406 328 448
246 119 360 459
125 208 168 229
46 272 307 335
191 210 493 234
353 262 476 406
143 63 298 389
250 365 326 416
265 136 432 498
180 240 323 303
166 158 363 459
209 87 216 465
370 75 413 202
35 368 246 391
294 1 473 142
305 81 402 392
41 76 390 229
384 54 453 62
226 172 291 242
288 9 350 405
69 56 114 334
184 56 309 82
170 248 228 482
36 33 446 288
144 49 297 488
341 165 415 177
172 192 302 482
388 4 489 269
207 19 356 109
186 194 192 268
126 275 327 338
287 332 487 418
18 75 185 166
160 15 243 413
15 164 408 312
214 117 416 259
141 380 358 428
78 192 177 270
66 46 223 487
95 314 303 489
248 12 419 86
95 94 267 432
114 68 320 155
29 221 196 491
318 121 350 230
131 174 238 317
336 271 381 494
153 158 338 220
421 158 461 218
108 92 222 453
70 237 194 448
295 10 409 310
343 174 380 432
17 84 38 220
319 39 335 143
33 188 47 211
33 44 137 126
237 355 478 409
7 198 236 266
211 250 245 447
66 84 366 135
55 53 287 193
199 282 465 397
299 142 447 200
368 210 442 466
122 382 477 482
133 23 182 297
97 156 454 217
117 186 366 269
68 191 453 378
85 277 472 316
249 26 316 323
41 223 98 500
347 88 378 389
97 11 378 225
37 44 307 175
43 384 479 421
152 69 420 394
217 206 318 301
260 266 315 436
53 383 140 419
435 81 460 413
73 134 114 438
382 298 479 483
257 51 401 483
145 194 224 488
280 67 450 283
52 244 71 419
53 475 373 484
123 90 187 254
268 132 485 217
405 216 462 245
