100 100 10 100
86 25 93 63
77 42 97 61
11 3 73 70
37 11 39 47
79 4 87 97
35 46 77 78
51 31 75 62
73 48 94 81
34 30 76 51
31 48 40 67
7 23 99 67
24 63 28 67
12 33 94 74
28 29 78 94
21 42 76 98
19 69 81 95
36 42 76 46
16 69 32 77
77 72 93 83
42 30 57 56
87 45 98 95
62 13 82 61
11 53 75 61
93 6 95 51
15 41 54 62
19 85 96 95
50 5 51 41
8 11 80 33
2 34 9 73
18 49 22 72
37 6 49 100
8 1 59 31
5 37 78 90
44 69 96 70
69 6 78 97
30 46 98 51
36 75 67 94
20 29 62 58
13 17 96 35
1 28 75 82
92 4 97 23
3 38 84 91
20 31 82 95
56 40 62 56
35 44 74 66
22 86 36 92
15 35 39 99
39 18 76 64
7 23 37 57
17 37 80 90
51 16 61 73
56 64 59 93
22 8 73 16
23 5 79 59
54 42 68 50
47 61 54 80
66 92 76 96
1 1 12 37
55 71 91 91
6 46 32 63
49 22 61 39
16 5 32 92
39 14 50 60
37 31 60 92
78 57 90 82
50 8 74 88
34 13 67 84
21 51 31 58
29 59 55 95
15 37 97 75
92 15 93 65
16 22 48 64
13 14 45 79
55 13 60 64
61 55 66 88
40 16 72 29
32 30 96 58
26 11 41 63
59 15 89 35
16 8 70 37
35 12 69 48
21 59 25 73
38 6 45 73
39 38 76 75
13 62 83 87
60 13 76 50
29 28 64 52
3 54 18 60
35 8 90 70
34 47 67 98
88 5 99 69
60 21 91 70
73 54 80 59
50 19 78 82
14 35 24 41
71 43 93 74
25 3 86 64
77 78 93 99
11 51 53 68
68 33 84 71
