250 250 10 100
51 106 128 109
10 108 210 180
65 140 154 206
77 50 113 143
78 116 128 128
122 69 222 189
44 46 197 159
83 68 117 247
132 117 228 227
29 64 29 157
83 27 118 144
83 113 176 224
53 12 144 29
210 53 237 180
28 7 28 74
72 192 187 249
58 130 175 215
31 127 76 240
8 66 137 199
78 179 145 241
8 61 129 248
31 67 144 121
8 175 41 197
102 174 183 211
21 187 203 229
170 131 216 137
8 8 138 94
151 16 214 237
50 52 57 211
25 36 241 246
167 75 230 130
102 94 222 105
151 50 211 150
119 3 120 22
167 13 200 48
12 169 153 195
40 106 242 166
59 221 207 229
63 73 192 128
3 49 103 102
11 112 133 241
146 208 211 213
8 88 169 188
141 84 176 173
170 189 178 229
66 65 128 159
15 132 124 242
9 147 105 231
43 202 90 226
21 31 84 81
12 98 128 171
12 100 18 104
152 180 244 241
118 79 167 220
63 171 244 227
29 166 201 250
75 84 80 95
41 80 243 93
159 237 242 249
69 9 126 177
29 16 133 165
103 56 163 223
26 32 218 144
5 30 127 62
123 14 141 77
41 80 61 151
106 1 128 14
132 78 149 114
9 149 67 229
164 43 198 61
171 208 222 238
69 203 106 237
141 28 174 120
15 17 129 91
101 157 121 194
21 142 65 217
72 59 186 176
224 56 236 224
126 173 145 201
4 142 178 185
6 37 42 155
21 31 175 241
46 61 195 89
144 41 168 83
167 192 178 227
95 35 116 224
57 63 145 134
73 5 92 131
9 177 117 233
161 4 205 92
22 103 239 140
154 117 232 121
94 14 249 197
48 152 99 171
107 61 247 135
166 62 242 196
38 102 187 172
23 11 94 70
71 76 124 172
13 17 129 245
