500 500 10 100
209 208 374 385
43 254 159 268
302 158 481 281
22 151 103 497
462 18 484 135
250 100 330 386
94 44 188 473
116 200 190 243
10 127 80 448
27 38 168 250
115 327 234 428
32 346 83 490
142 423 167 436
113 243 233 401
228 209 353 372
244 156 415 239
324 124 436 381
238 239 419 463
150 339 223 341
26 73 275 184
149 84 275 122
348 117 444 154
160 283 253 335
144 155 298 293
250 101 402 259
160 2 400 187
330 52 358 373
172 101 276 313
53 83 359 438
41 202 134 268
224 190 280 340
179 79 450 213
243 279 401 400
5 222 217 279
277 9 299 286
290 126 377 469
247 233 365 367
107 89 312 444
390 137 430 407
288 43 308 407
101 223 291 416
418 42 500 231
342 357 443 475
113 136 425 413
129 118 315 118
107 164 151 245
309 66 392 344
252 109 464 416
195 42 462 377
8 64 238 377
137 257 329 361
173 140 353 199
26 83 452 106
243 221 380 257
202 357 393 435
200 102 457 385
382 284 445 461
58 129 273 221
165 170 474 291
95 36 492 346
313 103 343 411
46 108 266 159
339 148 345 172
79 229 142 470
121 351 356 374
252 9 460 273
429 415 473 430
86 7 206 83
106 138 203 497
289 118 492 347
6 17 421 202
212 240 343 395
269 316 410 455
9 31 280 349
80 218 484 450
174 27 180 458
191 228 297 433
93 399 237 415
7 92 86 196
237 22 456 357
82 111 297 394
425 152 498 167
197 33 431 324
283 83 433 235
312 207 396 269
250 176 443 285
369 52 408 432
214 15 430 40
164 163 313 226
108 223 171 243
100 40 231 494
150 154 481 488
193 195 443 252
398 332 445 384
15 444 314 486
73 224 409 292
104 237 197 262
43 17 90 412
66 118 317 377
202 180 372 209
