500 500 10 100
36 284 490 287
97 196 158 465
14 323 106 456
448 429 495 439
25 306 82 462
210 163 408 309
6 58 164 466
96 197 401 333
453 294 477 440
39 146 86 203
257 116 436 353
63 193 453 415
51 243 139 351
14 186 265 328
4 217 449 312
102 170 206 246
275 245 295 278
8 227 366 290
268 65 354 252
235 166 453 361
82 342 394 409
342 122 392 410
154 42 331 80
70 4 229 414
12 100 431 415
221 63 445 284
63 149 178 219
223 163 295 397
37 250 379 365
424 14 428 422
382 203 496 277
193 70 381 371
12 365 269 491
76 142 308 338
164 414 384 434
320 72 344 208
239 96 448 345
52 204 360 231
230 219 424 472
55 323 180 364
372 141 422 225
57 61 160 378
192 43 454 485
17 174 478 339
36 80 251 190
136 6 208 181
259 219 261 235
166 186 302 197
47 230 466 406
174 294 457 459
14 293 388 445
125 68 154 116
293 75 491 211
214 65 278 288
436 114 474 231
14 12 476 199
218 32 411 147
190 435 431 465
207 137 395 451
32 413 299 417
353 44 401 59
208 168 221 362
193 249 439 296
272 148 287 188
63 79 277 263
251 267 470 388
217 169 254 309
1 389 182 480
39 186 360 473
169 108 365 156
98 193 249 396
256 3 430 357
208 127 472 470
296 25 377 475
249 323 495 449
392 168 419 464
87 28 194 229
411 15 493 43
352 34 359 113
142 74 231 304
148 57 341 188
42 251 234 406
116 325 214 446
188 278 428 305
120 45 384 391
141 16 162 450
262 257 452 403
271 312 473 415
170 96 175 158
76 92 402 158
60 45 316 126
250 11 344 152
59 328 337 386
330 39 435 353
419 281 432 396
61 378 139 413
149 306 405 428
158 29 444 178
3 404 320 499
55 5 109 155
