500 500 10 100
386 129 388 254
151 117 343 144
25 443 134 469
90 372 372 429
142 21 186 160
76 275 121 362
41 313 83 373
6 402 131 499
381 292 494 319
175 309 357 378
40 67 385 280
433 223 437 450
36 6 259 297
23 66 50 67
165 129 183 254
142 176 413 184
136 195 228 259
147 318 472 444
402 483 406 490
436 98 478 413
283 42 355 295
279 122 339 492
62 42 138 134
308 110 397 277
390 36 407 191
234 257 408 351
48 18 330 70
177 383 417 418
159 42 472 242
212 166 283 284
137 76 344 477
105 58 279 290
276 13 468 174
12 352 166 420
10 267 435 349
392 93 419 286
201 126 241 132
358 5 463 354
149 195 378 328
5 158 78 211
323 48 492 80
321 234 365 469
39 153 442 195
398 108 490 133
20 294 104 412
206 310 250 464
154 37 235 237
181 53 306 289
160 145 458 426
289 469 490 474
321 145 420 177
36 412 107 465
4 271 193 323
196 152 495 204
347 222 497 367
53 108 418 171
207 94 363 354
346 318 494 382
226 238 400 333
188 198 212 215
121 248 482 411
85 11 418 304
194 142 304 154
13 285 47 409
293 97 477 483
177 26 185 396
87 24 481 177
119 110 300 223
333 219 400 336
284 207 330 440
41 167 285 294
32 42 180 323
86 429 312 446
291 76 365 123
187 124 406 275
307 56 455 266
40 206 212 459
152 326 346 345
263 308 411 393
277 318 345 366
301 208 331 394
125 206 498 347
163 131 165 400
233 16 402 236
145 186 283 412
158 57 342 311
295 250 468 492
271 129 393 370
147 68 434 130
189 217 490 427
21 104 297 125
60 283 483 451
240 204 268 298
48 209 209 276
48 176 432 288
141 107 358 108
97 68 422 195
2 92 280 464
154 180 443 361
440 325 460 379
