500 500 10 100
19 115 122 237
203 356 258 490
242 28 249 149
52 221 426 238
95 476 168 489
21 72 130 202
268 138 287 415
68 66 367 235
288 247 383 469
457 343 468 416
72 4 484 375
240 310 305 452
86 334 93 427
79 144 328 166
10 97 253 243
418 320 446 450
245 305 254 480
328 121 487 122
130 281 487 318
97 240 378 297
44 5 440 211
84 239 442 332
327 134 482 403
176 92 232 126
91 115 218 434
452 190 499 315
399 439 442 459
371 190 409 348
66 61 498 340
177 325 182 366
142 340 427 450
127 7 438 402
287 50 492 470
406 157 427 257
293 254 473 449
158 101 486 244
434 174 472 279
5 344 414 384
237 104 268 479
217 194 341 491
187 1 471 360
296 11 330 386
410 54 481 473
2 1 27 251
24 154 199 438
92 99 261 487
78 44 324 389
341 366 439 383
68 8 293 464
168 37 333 182
97 216 213 321
478 71 499 325
473 189 486 376
68 158 242 311
28 333 254 483
412 172 422 367
5 7 225 436
346 135 430 297
101 8 358 330
112 77 475 218
205 44 448 235
48 177 473 270
58 315 459 316
338 142 397 489
79 388 154 495
466 163 498 292
278 198 369 487
286 185 495 228
129 133 265 380
103 78 365 260
181 252 297 486
265 235 371 458
139 403 412 415
17 485 262 500
20 111 450 299
33 77 267 332
196 100 244 294
109 284 354 462
252 271 498 367
85 320 421 431
73 65 310 483
35 108 421 461
51 60 136 244
25 171 422 345
124 101 222 164
32 107 490 152
47 180 333 207
16 14 81 489
248 217 302 408
444 79 464 200
70 378 372 392
168 236 400 361
298 113 372 465
71 24 176 363
254 256 406 444
405 100 494 189
157 62 354 348
138 128 382 152
177 201 298 282
69 9 374 127
