100 100 60 100
24 1 38 41
64 25 69 54
9 48 25 94
87 18 87 33
22 43 40 98
51 19 96 36
14 46 93 60
13 6 42 96
21 80 59 95
68 14 79 91
28 32 98 94
22 66 27 87
2 66 49 79
28 47 97 57
50 3 57 4
1 20 33 75
11 99 90 99
31 66 65 92
51 41 65 45
46 76 78 89
15 68 61 71
65 16 68 99
13 23 43 66
61 5 71 30
17 71 92 98
32 44 83 64
39 39 87 40
30 1 39 87
68 42 82 87
3 24 68 81
5 24 68 34
19 31 33 69
5 3 17 79
35 59 38 71
19 26 27 86
2 4 43 33
6 28 78 41
32 65 41 81
7 20 57 73
6 59 33 66
88 71 91 98
50 2 80 36
35 34 81 97
67 29 75 79
7 43 40 69
31 31 77 95
29 9 72 87
45 28 63 100
18 3 81 99
28 18 29 75
77 51 95 69
20 33 71 62
3 13 15 51
30 4 36 75
41 28 68 80
32 15 88 35
64 34 84 96
22 2 52 36
76 29 92 75
69 1 73 46
1 4 29 24
51 46 84 86
62 81 86 90
1 49 85 76
7 8 53 77
7 28 19 98
21 42 49 81
3 23 5 47
2 27 8 27
85 2 93 8
11 4 26 45
18 67 61 89
48 6 62 92
1 10 96 42
28 34 50 89
15 25 48 27
65 10 80 60
9 45 50 66
16 35 36 59
28 24 42 24
45 23 66 31
11 6 34 70
11 45 13 61
6 42 92 94
18 44 87 50
76 33 92 78
44 45 86 47
14 76 58 76
34 41 65 71
8 47 56 68
65 2 69 62
35 51 100 68
13 38 31 41
32 92 83 94
59 9 96 32
4 74 68 83
20 6 81 87
64 61 71 80
31 3 90 82
87 62 96 90
