100 100 300
1 18 16
1 21 53
1 40 83
1 67 8
1 82 97
1 97 25
3 13 89
3 25 60
3 55 84
3 75 59
4 23 75
4 51 51
4 74 73
5 20 2
5 46 31
5 60 26
5 68 70
5 79 6
5 95 9
6 9 27
6 48 28
6 63 8
6 68 50
6 84 29
7 28 70
8 2 12
8 4 57
8 6 100
8 85 45
9 10 74
9 24 36
9 35 90
9 68 36
10 34 68
10 74 35
11 19 8
11 71 8
11 84 40
11 94 86
12 10 90
12 16 57
12 36 14
12 47 71
12 94 17
13 23 58
13 46 41
14 15 43
15 14 33
15 26 89
15 63 61
15 64 68
15 74 9
15 83 42
16 10 94
16 64 49
16 74 11
16 100 61
17 55 46
17 67 9
17 91 71
18 31 4
18 98 50
19 20 81
19 39 14
19 67 39
20 2 34
20 72 22
20 92 94
21 42 95
21 83 67
22 99 33
23 57 14
23 78 27
23 81 27
23 97 78
24 19 94
24 56 67
24 83 81
25 16 84
25 79 87
25 80 46
26 18 78
26 49 31
26 58 25
26 76 41
27 20 19
27 34 70
27 86 53
28 4 53
28 69 100
28 91 57
28 96 32
29 71 36
29 97 26
30 16 72
30 51 9
31 3 33
31 49 42
31 56 96
31 82 62
32 49 22
32 76 64
32 94 66
33 51 21
33 77 19
33 99 31
34 1 39
34 18 94
35 17 21
36 3 34
36 43 25
36 70 43
36 96 5
38 8 7
38 23 61
38 25 28
38 62 92
38 79 26
38 93 71
39 30 56
39 35 16
39 46 24
39 49 44
39 63 86
40 67 59
40 91 14
41 20 73
41 62 99
41 67 86
41 88 11
41 99 74
42 20 80
43 10 74
43 25 96
43 32 72
43 51 54
44 37 54
45 15 87
45 76 56
45 77 28
45 78 90
45 100 65
46 5 19
46 7 58
46 22 79
46 80 78
46 85 46
47 4 8
47 26 54
47 51 82
47 93 98
48 22 83
48 41 34
48 44 68
48 59 12
48 80 66
48 85 36
49 19 61
49 69 9
49 77 66
50 19 10
51 85 24
52 41 74
52 96 12
54 66 78
55 24 5
55 39 94
55 75 56
55 98 26
56 3 86
56 48 25
56 75 89
56 79 94
56 87 8
57 15 66
57 26 6
57 33 83
57 49 92
57 96 25
58 29 9
59 5 31
59 23 79
59 25 77
59 61 80
59 66 18
60 40 96
60 43 22
60 73 32
60 77 100
61 68 1
62 7 79
62 39 60
62 67 57
62 76 19
63 1 61
63 14 97
63 37 14
63 76 5
64 7 50
64 42 68
65 67 83
65 77 29
66 19 31
66 54 59
66 88 97
66 92 3
67 2 12
67 44 2
67 49 29
67 100 10
68 1 56
68 5 10
68 34 1
68 81 14
68 87 18
68 98 27
70 6 3
70 30 7
70 41 44
71 8 13
71 65 46
71 100 85
72 1 73
72 52 54
72 80 81
72 97 20
73 8 67
73 17 37
73 85 7
74 15 16
74 27 48
74 48 53
74 83 53
74 96 19
75 14 68
75 21 76
75 32 4
75 98 64
76 45 85
76 68 65
77 34 80
77 52 52
77 64 5
77 72 88
77 99 48
78 78 11
78 88 60
79 42 97
79 70 67
79 90 80
80 7 8
80 28 91
80 83 30
80 89 70
82 71 100
82 81 67
84 19 49
85 43 12
86 10 36
86 17 17
86 20 54
86 86 5
86 88 25
87 7 27
87 23 75
87 34 14
87 38 83
89 75 22
89 87 21
89 93 45
90 24 30
90 91 23
91 44 72
91 78 50
92 14 92
92 58 46
92 69 98
93 9 99
93 47 5
93 58 21
93 73 2
94 25 4
94 50 23
95 4 34
95 15 2
96 4 51
96 49 60
96 84 3
97 21 16
97 26 69
97 42 52
97 58 12
97 77 8
97 91 95
97 99 43
98 32 77
98 57 63
99 21 100
99 35 96
99 69 96
